3.741
2.295
1.498
2.881
0.76
3.12
0.638
1.17
2.358
0.606
3.669
1
0.981
1.192
0.926
1.59
1.806
1.962
4.028
3.148
1.836
2.845
1.013
0.414
0.812
0.374
3.623
1.869
2.836
3.567
0.866
1.369
0.542
2.739
1.2
1.719
3.423
1.634
1.021
2.157
3.361
1.39
1.947
0.962
0.571
2.219
1.419
3.519
1.732
3.206
2.471
1.777
2.571
3.952
3.931
1.587
1.397
3.536
2.202
0.756
1.62
3.656
2.964
3.76
0.672
3.677
3.517
3.29
1.139
0.727
2.581
0.923
1.527
3.388
2.085
0.966
3.488
0.754
0.797
2.064
3.732
0.586
0.561
0.563
0.678
0.37
0.53
1.9
