 -0.151045   -0.57209   0.427914  0.0710199   0.347697   0.337725  0.0664158 -0.0629299   0.897456    2.43521	-578.108
 -0.151045   -0.57209   0.427914  0.0710199   0.347697   0.337725  0.0664158 -0.0629299   0.897456    2.43521	-578.108
 0.484048   0.45025  0.406902  0.473211  0.599145 0.0862774  0.132726  -0.12924  0.601668   2.19744	-396.453
 0.484048   0.45025  0.406902  0.473211  0.599145 0.0862774  0.132726  -0.12924  0.601668   2.19744	-396.453
 0.487807  0.426762  0.408044  0.491482  0.863426 -0.178003  0.119119 -0.115633  0.221571  0.248492	-270.996
 0.487807  0.426762  0.408044  0.491482  0.863426 -0.178003  0.119119 -0.115633  0.221571  0.248492	-270.996
 0.497963  0.406338  0.394377  0.553458  0.826561 -0.141138  0.155214 -0.151728  0.227617  0.214792	-266.265
 0.497963  0.406338  0.394377  0.553458  0.826561 -0.141138  0.155214 -0.151728  0.227617  0.214792	-266.265
  0.513443   0.390827   0.377126   0.642785   0.742914 -0.0574916     0.2294  -0.225914   0.229839   0.173996	-255.544
  0.513443   0.390827   0.377126   0.642785   0.742914 -0.0574916     0.2294  -0.225914   0.229839   0.173996	-255.544
 0.540769  0.386472  0.354494  0.745062  0.594876 0.0905469  0.335619 -0.332133  0.227011  0.130535	-237.201
 0.540769  0.386472  0.354494  0.745062  0.594876 0.0905469  0.335619 -0.332133  0.227011  0.130535	-237.201
 0.586609  0.395423  0.323047   0.82293  0.399569  0.285853  0.440756  -0.43727   0.21975 0.0967009	-216.451
 0.586609  0.395423  0.323047   0.82293  0.399569  0.285853  0.440756  -0.43727   0.21975 0.0967009	-216.451
  0.64617   0.40745  0.285256  0.865186  0.167149  0.518274  0.546244 -0.542758  0.210117 0.0786462	-199.062
  0.64617   0.40745  0.285256  0.865186  0.167149  0.518274  0.546244 -0.542758  0.210117 0.0786462	-199.062
  0.719797   0.417138   0.242775    0.88293 -0.0806133   0.766036   0.656669  -0.653183    0.19972  0.0723801	-185.972
  0.719797   0.417138   0.242775    0.88293 -0.0806133   0.766036   0.656669  -0.653183    0.19972  0.0723801	-185.972
 0.812618   0.42345  0.194222  0.886536 -0.341495   1.02692  0.780176  -0.77669  0.189063  0.072349	-174.928
 0.812618   0.42345  0.194222  0.886536 -0.341495   1.02692  0.780176  -0.77669  0.189063  0.072349	-174.928
 0.936445  0.426785  0.134429  0.881848 -0.630314   1.31574  0.926449 -0.922963  0.178103 0.0754272	-163.79
 0.936445  0.426785  0.134429  0.881848 -0.630314   1.31574  0.926449 -0.922963  0.178103 0.0754272	-163.79
  1.12261  0.426836 0.0495641  0.872249 -0.979492   1.66491   1.11422  -1.11074   0.16397 0.0808183	-150.137
  1.12261  0.426836 0.0495641  0.872249 -0.979492   1.66491   1.11422  -1.11074   0.16397 0.0808183	-150.137
    1.3964   0.423503 -0.0704374   0.860254   -1.41365    2.09907    1.35728   -1.35379   0.145452  0.0860929	-133.863
    1.3964   0.423503 -0.0704374   0.860254   -1.41365    2.09907    1.35728   -1.35379   0.145452  0.0860929	-133.863
  1.73828  0.417505 -0.215162  0.845402  -1.92401   2.60943   1.65171  -1.64822  0.124203 0.0900872	-115.804
  1.73828  0.417505 -0.215162  0.845402  -1.92401   2.60943   1.65171  -1.64822  0.124203 0.0900872	-115.804
  2.09688  0.411514 -0.363934  0.828931   -2.4598   3.14522    1.9768  -1.97331 0.0996514 0.0929584	-100.048
  2.09688  0.411514 -0.363934  0.828931   -2.4598   3.14522    1.9768  -1.97331 0.0996514 0.0929584	-100.048
  2.31527  0.409235 -0.453015  0.818203   -2.8851   3.57052   2.25816  -2.25467 0.0847961  0.093035	-94.0105
  2.31527  0.409235 -0.453015  0.818203   -2.8851   3.57052   2.25816  -2.25467 0.0847961  0.093035	-94.0105
  2.42092  0.408701 -0.495247  0.812916  -3.20494   3.89037   2.47906  -2.47557 0.0811985  0.092784	-92.4524
  2.42092  0.408701 -0.495247  0.812916  -3.20494   3.89037   2.47906  -2.47557 0.0811985  0.092784	-92.4524
  2.47754  0.408587 -0.517515  0.810478  -3.45576   4.14118   2.65489   -2.6514  0.080825 0.0927206	-91.9032
  2.47754  0.408587 -0.517515  0.810478  -3.45576   4.14118   2.65489   -2.6514  0.080825 0.0927206	-91.9032
  2.51014  0.408662 -0.530228  0.809553   -3.6516   4.33703   2.79421  -2.79073 0.0810284 0.0927413	-91.6684
  2.51014  0.408662 -0.530228  0.809553   -3.6516   4.33703   2.79421  -2.79073 0.0810284 0.0927413	-91.6684
  2.52956  0.408795 -0.537767  0.809356  -3.80354   4.48896   2.90413  -2.90064 0.0812859 0.0927876	-91.5568
  2.52956  0.408795 -0.537767  0.809356  -3.80354   4.48896   2.90413  -2.90064 0.0812859 0.0927876	-91.5568
  2.54138  0.408928 -0.542339  0.809458  -3.92007    4.6055   2.99021  -2.98672 0.0815132 0.0928343	-91.499
  2.54138  0.408928 -0.542339  0.809458  -3.92007    4.6055   2.99021  -2.98672 0.0815132 0.0928343	-91.499
  2.54867  0.409035 -0.545139  0.809643  -4.00873   4.69415    3.0575  -3.05401 0.0817035 0.0928722	-91.4663
  2.54867  0.409035 -0.545139  0.809643  -4.00873   4.69415    3.0575  -3.05401 0.0817035 0.0928722	-91.4663
  2.55314  0.409111 -0.546841  0.809813  -4.07639   4.76181    3.1106  -3.10711 0.0818629 0.0928989	-91.446
  2.55314  0.409111 -0.546841  0.809813  -4.07639   4.76181    3.1106  -3.10711 0.0818629 0.0928989	-91.446
  2.55584  0.409158  -0.54785  0.809937  -4.12795   4.81337   3.15281  -3.14932 0.0819986 0.0929156	-91.432
  2.55584  0.409158  -0.54785  0.809937  -4.12795   4.81337   3.15281  -3.14932 0.0819986 0.0929156	-91.432
  2.55736  0.409181   -0.5484  0.810008  -4.16831   4.85373   3.18735  -3.18387 0.0821164 0.0929238	-91.4213
  2.55736  0.409181   -0.5484  0.810008  -4.16831   4.85373   3.18735  -3.18387 0.0821164 0.0929238	-91.4213
  2.55814  0.409186 -0.548656  0.810035  -4.20033   4.88575   3.21617  -3.21269 0.0822208 0.0929261	-91.4125
  2.55814  0.409186 -0.548656  0.810035  -4.20033   4.88575   3.21617  -3.21269 0.0822208 0.0929261	-91.4125
   2.5584  0.409177 -0.548714  0.810027  -4.22647   4.91189    3.2409  -3.23741  0.082315 0.0929239	-91.4049
   2.5584  0.409177 -0.548714  0.810027  -4.22647   4.91189    3.2409  -3.23741  0.082315 0.0929239	-91.4049
  2.55833  0.409159 -0.548641  0.809993  -4.24841   4.93383   3.26267  -3.25918 0.0824013 0.0929188	-91.398
  2.55833  0.409159 -0.548641  0.809993  -4.24841   4.93383   3.26267  -3.25918 0.0824013 0.0929188	-91.398
  2.55803  0.409135 -0.548479  0.809938  -4.26735   4.95277    3.2823  -3.27882 0.0824815 0.0929115	-91.3916
  2.55803  0.409135 -0.548479  0.809938  -4.26735   4.95277    3.2823  -3.27882 0.0824815 0.0929115	-91.3916
  2.55757  0.409106 -0.548258  0.809869  -4.28419   4.96961   3.30041  -3.29692  0.082557  0.092903	-91.3856
  2.55757  0.409106 -0.548258  0.809869  -4.28419   4.96961   3.30041  -3.29692  0.082557  0.092903	-91.3856
  2.55701  0.409073 -0.547996   0.80979  -4.29955   4.98497   3.31743  -3.31394 0.0826287 0.0928936	-91.3799
  2.55701  0.409073 -0.547996   0.80979  -4.29955   4.98497   3.31743  -3.31394 0.0826287 0.0928936	-91.3799
  2.55638  0.409038 -0.547706  0.809703   -4.3139   4.99932   3.33369   -3.3302 0.0826973 0.0928837	-91.3745
  2.55638  0.409038 -0.547706  0.809703   -4.3139   4.99932   3.33369   -3.3302 0.0826973 0.0928837	-91.3745
  2.55569  0.409002 -0.547398  0.809611  -4.32758   5.01301   3.34942  -3.34593 0.0827633 0.0928736	-91.3692
  2.55569  0.409002 -0.547398  0.809611  -4.32758   5.01301   3.34942  -3.34593 0.0827633 0.0928736	-91.3692
  2.55498  0.408965 -0.547077  0.809514    -4.341   5.02642    3.3647  -3.36122 0.0828273 0.0928635	-91.3642
  2.55498  0.408965 -0.547077  0.809514    -4.341   5.02642    3.3647  -3.36122 0.0828273 0.0928635	-91.3642
  2.55428   0.40893 -0.546764  0.809422  -4.35391   5.03933   3.37961  -3.37612  0.082888 0.0928541	-91.3594
  2.55428   0.40893 -0.546764  0.809422  -4.35391   5.03933   3.37961  -3.37612  0.082888 0.0928541	-91.3594
  2.55356  0.408894 -0.546445  0.809326  -4.36663   5.05206   3.39436  -3.39087 0.0829471 0.0928446	-91.3547
  2.55356  0.408894 -0.546445  0.809326  -4.36663   5.05206   3.39436  -3.39087 0.0829471 0.0928446	-91.3547
  2.55283  0.408857 -0.546121  0.809228  -4.37929   5.06471   3.40904  -3.40556 0.0830049 0.0928353	-91.3501
  2.55283  0.408857 -0.546121  0.809228  -4.37929   5.06471   3.40904  -3.40556 0.0830049 0.0928353	-91.3501
  2.55208  0.408821 -0.545793  0.809128  -4.39196   5.07739   3.42374  -3.42025 0.0830617 0.0928261	-91.3455
  2.55208  0.408821 -0.545793  0.809128  -4.39196   5.07739   3.42374  -3.42025 0.0830617 0.0928261	-91.3455
  2.55133  0.408784 -0.545462  0.809027  -4.40474   5.09016   3.43849  -3.43501 0.0831175  0.092817	-91.341
  2.55133  0.408784 -0.545462  0.809027  -4.40474   5.09016   3.43849  -3.43501 0.0831175  0.092817	-91.341
  2.55057  0.408747 -0.545129  0.808925  -4.41766   5.10308   3.45336  -3.44988 0.0831726 0.0928082	-91.3366
  2.55057  0.408747 -0.545129  0.808925  -4.41766   5.10308   3.45336  -3.44988 0.0831726 0.0928082	-91.3366
   2.5498   0.40871 -0.544793  0.808822  -4.43079   5.11621   3.46839   -3.4649  0.083227 0.0927995	-91.3321
   2.5498   0.40871 -0.544793  0.808822  -4.43079   5.11621   3.46839   -3.4649  0.083227 0.0927995	-91.3321
  2.54903  0.408673 -0.544455  0.808718  -4.44415   5.12958   3.48361  -3.48013 0.0832808 0.0927911	-91.3276
  2.54903  0.408673 -0.544455  0.808718  -4.44415   5.12958   3.48361  -3.48013 0.0832808 0.0927911	-91.3276
  2.54825  0.408636 -0.544114  0.808613   -4.4578   5.14322   3.49906  -3.49558 0.0833341 0.0927828	-91.3232
  2.54825  0.408636 -0.544114  0.808613   -4.4578   5.14322   3.49906  -3.49558 0.0833341 0.0927828	-91.3232
  2.54746  0.408599  -0.54377  0.808507  -4.47175   5.15717   3.51478  -3.51129 0.0833871 0.0927747	-91.3187
  2.54746  0.408599  -0.54377  0.808507  -4.47175   5.15717   3.51478  -3.51129 0.0833871 0.0927747	-91.3187
  2.54666  0.408562 -0.543422  0.808399  -4.48604   5.17146   3.53079   -3.5273 0.0834398 0.0927668	-91.3142
  2.54666  0.408562 -0.543422  0.808399  -4.48604   5.17146   3.53079   -3.5273 0.0834398 0.0927668	-91.3142
  2.54585  0.408524 -0.543071   0.80829  -4.50071   5.18613   3.54713  -3.54364 0.0834922  0.092759	-91.3096
  2.54585  0.408524 -0.543071   0.80829  -4.50071   5.18613   3.54713  -3.54364 0.0834922  0.092759	-91.3096
  2.54504  0.408487 -0.542715   0.80818  -4.51577    5.2012   3.56382  -3.56033 0.0835444 0.0927514	-91.3049
  2.54504  0.408487 -0.542715   0.80818  -4.51577    5.2012   3.56382  -3.56033 0.0835444 0.0927514	-91.3049
   2.5442  0.408449 -0.542355  0.808068  -4.53127    5.2167   3.58091  -3.57742 0.0835966  0.092744	-91.3002
   2.5442  0.408449 -0.542355  0.808068  -4.53127    5.2167   3.58091  -3.57742 0.0835966  0.092744	-91.3002
  2.54336   0.40841 -0.541988  0.807954  -4.54724   5.23266   3.59842  -3.59493 0.0836487 0.0927367	-91.2954
  2.54336   0.40841 -0.541988  0.807954  -4.54724   5.23266   3.59842  -3.59493 0.0836487 0.0927367	-91.2954
   2.5425  0.408371 -0.541616  0.807839  -4.56371   5.24913   3.61639  -3.61291 0.0837007 0.0927295	-91.2904
   2.5425  0.408371 -0.541616  0.807839  -4.56371   5.24913   3.61639  -3.61291 0.0837007 0.0927295	-91.2904
  2.54162  0.408332 -0.541236  0.807721  -4.58071   5.26613   3.63486  -3.63138 0.0837529 0.0927224	-91.2854
  2.54162  0.408332 -0.541236  0.807721  -4.58071   5.26613   3.63486  -3.63138 0.0837529 0.0927224	-91.2854
  2.54072  0.408292 -0.540849    0.8076  -4.59829   5.28371   3.65387  -3.65039 0.0838051 0.0927155	-91.2802
  2.54072  0.408292 -0.540849    0.8076  -4.59829   5.28371   3.65387  -3.65039 0.0838051 0.0927155	-91.2802
   2.5398  0.408251 -0.540453  0.807478  -4.61648    5.3019   3.67346  -3.66997 0.0838575 0.0927087	-91.2748
   2.5398  0.408251 -0.540453  0.807478  -4.61648    5.3019   3.67346  -3.66997 0.0838575 0.0927087	-91.2748
  2.53886   0.40821 -0.540048  0.807352  -4.63532   5.32074   3.69366  -3.69018   0.08391 0.0927019	-91.2692
  2.53886   0.40821 -0.540048  0.807352  -4.63532   5.32074   3.69366  -3.69018   0.08391 0.0927019	-91.2692
  2.53789  0.408168 -0.539633  0.807223  -4.65486   5.34029   3.71454  -3.71105 0.0839628 0.0926953	-91.2635
  2.53789  0.408168 -0.539633  0.807223  -4.65486   5.34029   3.71454  -3.71105 0.0839628 0.0926953	-91.2635
   2.5369  0.408125 -0.539207  0.807091  -4.67516   5.36058   3.73613  -3.73264 0.0840159 0.0926888	-91.2575
   2.5369  0.408125 -0.539207  0.807091  -4.67516   5.36058   3.73613  -3.73264 0.0840159 0.0926888	-91.2575
  2.53588  0.408081 -0.538769  0.806955  -4.69625   5.38167   3.75848    -3.755 0.0840692 0.0926824	-91.2513
  2.53588  0.408081 -0.538769  0.806955  -4.69625   5.38167   3.75848    -3.755 0.0840692 0.0926824	-91.2513
  2.53482  0.408036 -0.538318  0.806815  -4.71804   5.40346   3.78183  -3.77835 0.0841229  0.092676	-91.2446
  2.53482  0.408036 -0.538318  0.806815  -4.71804   5.40346   3.78183  -3.77835 0.0841229  0.092676	-91.2446
  2.53368  0.407987 -0.537832  0.806662  -4.74116   5.42659   3.80635  -3.80287 0.0841782 0.0926692	-91.2376
  2.53368  0.407987 -0.537832  0.806662  -4.74116   5.42659   3.80635  -3.80287 0.0841782 0.0926692	-91.2376
   2.5325  0.407937  -0.53733  0.806505  -4.76541   5.45083   3.83194  -3.82845 0.0842341 0.0926625	-91.2302
   2.5325  0.407937  -0.53733  0.806505  -4.76541   5.45083   3.83194  -3.82845 0.0842341 0.0926625	-91.2302
  2.53128  0.407886 -0.536812  0.806344  -4.79082   5.47625   3.85864  -3.85515 0.0842904  0.092656	-91.2225
  2.53128  0.407886 -0.536812  0.806344  -4.79082   5.47625   3.85864  -3.85515 0.0842904  0.092656	-91.2225
  2.53002  0.407833 -0.536276  0.806177  -4.81746   5.50288   3.88652  -3.88304 0.0843473 0.0926497	-91.2143
  2.53002  0.407833 -0.536276  0.806177  -4.81746   5.50288   3.88652  -3.88304 0.0843473 0.0926497	-91.2143
  2.52871  0.407779 -0.535722  0.806005  -4.84538    5.5308   3.91566  -3.91217 0.0844046 0.0926435	-91.2057
  2.52871  0.407779 -0.535722  0.806005  -4.84538    5.5308   3.91566  -3.91217 0.0844046 0.0926435	-91.2057
  2.52735  0.407723 -0.535146  0.805826  -4.87467    5.5601   3.94613  -3.94264 0.0844624 0.0926374	-91.1966
  2.52735  0.407723 -0.535146  0.805826  -4.87467    5.5601   3.94613  -3.94264 0.0844624 0.0926374	-91.1966
  2.52594  0.407664 -0.534548   0.80564  -4.90541   5.59083   3.97801  -3.97452 0.0845206 0.0926314	-91.1869
  2.52594  0.407664 -0.534548   0.80564  -4.90541   5.59083   3.97801  -3.97452 0.0845206 0.0926314	-91.1869
  2.52446  0.407604 -0.533925  0.805447  -4.93776   5.62318   4.01146  -4.00798 0.0845793 0.0926256	-91.1767
  2.52446  0.407604 -0.533925  0.805447  -4.93776   5.62318   4.01146  -4.00798 0.0845793 0.0926256	-91.1767
  2.52292  0.407542 -0.533277  0.805245  -4.97173   5.65715   4.04651  -4.04303 0.0846385 0.0926199	-91.1658
  2.52292  0.407542 -0.533277  0.805245  -4.97173   5.65715   4.04651  -4.04303 0.0846385 0.0926199	-91.1658
  2.52131  0.407477 -0.532601  0.805035  -5.00741   5.69283   4.08326  -4.07977  0.084698 0.0926143	-91.1542
  2.52131  0.407477 -0.532601  0.805035  -5.00741   5.69283   4.08326  -4.07977  0.084698 0.0926143	-91.1542
  2.51963  0.407409 -0.531894  0.804815  -5.04522   5.73064   4.12203  -4.11855 0.0847578 0.0926089	-91.1418
  2.51963  0.407409 -0.531894  0.804815  -5.04522   5.73064   4.12203  -4.11855 0.0847578 0.0926089	-91.1418
  2.51788  0.407339 -0.531159  0.804586  -5.08487   5.77029   4.16267  -4.15919 0.0848181 0.0926037	-91.1287
  2.51788  0.407339 -0.531159  0.804586  -5.08487   5.77029   4.16267  -4.15919 0.0848181 0.0926037	-91.1287
  2.51604  0.407265  -0.53039  0.804345  -5.12657   5.81199   4.20536  -4.20188 0.0848786 0.0925986	-91.1147
  2.51604  0.407265  -0.53039  0.804345  -5.12657   5.81199   4.20536  -4.20188 0.0848786 0.0925986	-91.1147
  2.51411  0.407188 -0.529584  0.804093   -5.1704   5.85582    4.2502  -4.24671 0.0849393 0.0925937	-91.0997
  2.51411  0.407188 -0.529584  0.804093   -5.1704   5.85582    4.2502  -4.24671 0.0849393 0.0925937	-91.0997
  2.51209  0.407106  -0.52874  0.803826  -5.21666   5.90209   4.29743  -4.29395 0.0850001 0.0925889	-91.0838
  2.51209  0.407106  -0.52874  0.803826  -5.21666   5.90209   4.29743  -4.29395 0.0850001 0.0925889	-91.0838
  2.50997  0.407021 -0.527857  0.803546  -5.26703   5.95245   4.34829   -4.3448  0.085061 0.0925843	-91.0667
  2.50997  0.407021 -0.527857  0.803546  -5.26703   5.95245   4.34829   -4.3448  0.085061 0.0925843	-91.0667
  2.50778  0.406935 -0.526947   0.80326  -5.31941   6.00483   4.40137  -4.39788 0.0851222 0.0925806	-91.0486
  2.50778  0.406935 -0.526947   0.80326  -5.31941   6.00483   4.40137  -4.39788 0.0851222 0.0925806	-91.0486
  2.50548  0.406843 -0.525989  0.802955  -5.37426   6.05968   4.45702  -4.45353 0.0851832 0.0925768	-91.0292
  2.50548  0.406843 -0.525989  0.802955  -5.37426   6.05968   4.45702  -4.45353 0.0851832 0.0925768	-91.0292
  2.50305  0.406745 -0.524982  0.802631  -5.43174   6.11716   4.51541  -4.51192 0.0852439 0.0925731	-91.0085
  2.50305  0.406745 -0.524982  0.802631  -5.43174   6.11716   4.51541  -4.51192 0.0852439 0.0925731	-91.0085
   2.5005  0.406641 -0.523925  0.802287  -5.49203   6.17746   4.57671  -4.57323 0.0853043 0.0925695	-90.9864
   2.5005  0.406641 -0.523925  0.802287  -5.49203   6.17746   4.57671  -4.57323 0.0853043 0.0925695	-90.9864
  2.49782  0.406531 -0.522816  0.801921  -5.55529   6.24071    4.6411  -4.63761 0.0853641 0.0925659	-90.963
  2.49782  0.406531 -0.522816  0.801921  -5.55529   6.24071    4.6411  -4.63761 0.0853641 0.0925659	-90.963
  2.49502  0.406415 -0.521655  0.801532  -5.62165   6.30707   4.70872  -4.70524 0.0854235 0.0925624	-90.938
  2.49502  0.406415 -0.521655  0.801532  -5.62165   6.30707   4.70872  -4.70524 0.0854235 0.0925624	-90.938
  2.49207  0.406291 -0.520439  0.801117  -5.69127   6.37669   4.77975  -4.77626 0.0854822 0.0925589	-90.9114
  2.49207  0.406291 -0.520439  0.801117  -5.69127   6.37669   4.77975  -4.77626 0.0854822 0.0925589	-90.9114
  2.48899  0.406159 -0.519168  0.800676  -5.76428    6.4497   4.85435  -4.85086 0.0855402 0.0925555	-90.8832
  2.48899  0.406159 -0.519168  0.800676  -5.76428    6.4497   4.85435  -4.85086 0.0855402 0.0925555	-90.8832
  2.48577  0.406019  -0.51784  0.800207  -5.84084   6.52626   4.93269  -4.92921 0.0855975  0.092552	-90.8532
  2.48577  0.406019  -0.51784  0.800207  -5.84084   6.52626   4.93269  -4.92921 0.0855975  0.092552	-90.8532
  2.48241   0.40587 -0.516454  0.799706   -5.9211   6.60652   5.01497  -5.01148  0.085654 0.0925485	-90.8214
  2.48241   0.40587 -0.516454  0.799706   -5.9211   6.60652   5.01497  -5.01148  0.085654 0.0925485	-90.8214
   2.4789  0.405711 -0.515009  0.799173  -6.00526   6.69068   5.10139  -5.09791 0.0857097 0.0925449	-90.7877
   2.4789  0.405711 -0.515009  0.799173  -6.00526   6.69068   5.10139  -5.09791 0.0857097 0.0925449	-90.7877
  2.47525  0.405543 -0.513504  0.798604  -6.09353   6.77895    5.1922  -5.18872 0.0857645 0.0925411	-90.7519
  2.47525  0.405543 -0.513504  0.798604  -6.09353   6.77895    5.1922  -5.18872 0.0857645 0.0925411	-90.7519
  2.47145  0.405363 -0.511938  0.797996  -6.18618    6.8716    5.2877  -5.28421 0.0858185  0.092537	-90.714
  2.47145  0.405363 -0.511938  0.797996  -6.18618    6.8716    5.2877  -5.28421 0.0858185  0.092537	-90.714
  2.46749  0.405171  -0.51031  0.797349  -6.28353   6.96896   5.38823  -5.38475 0.0858716 0.0925327	-90.6738
  2.46749  0.405171  -0.51031  0.797349  -6.28353   6.96896   5.38823  -5.38475 0.0858716 0.0925327	-90.6738
  2.46339  0.404967 -0.508621  0.796657  -6.38603   7.07145   5.49425  -5.49077  0.085924 0.0925279	-90.6311
  2.46339  0.404967 -0.508621  0.796657  -6.38603   7.07145   5.49425  -5.49077  0.085924 0.0925279	-90.6311
  2.45913  0.404749 -0.506868  0.795919  -6.49421   7.17963   5.60631  -5.60282 0.0859758 0.0925227	-90.5858
  2.45913  0.404749 -0.506868  0.795919  -6.49421   7.17963   5.60631  -5.60282 0.0859758 0.0925227	-90.5858
  2.45471  0.404518 -0.505051  0.795131  -6.60876   7.29419    5.7251  -5.72162 0.0860269 0.0925168	-90.5375
  2.45471  0.404518 -0.505051  0.795131  -6.60876   7.29419    5.7251  -5.72162 0.0860269 0.0925168	-90.5375
  2.45014   0.40427 -0.503169  0.794289  -6.73065   7.41607   5.85155  -5.84807 0.0860775 0.0925103	-90.486
  2.45014   0.40427 -0.503169  0.794289  -6.73065   7.41607   5.85155  -5.84807 0.0860775 0.0925103	-90.486
  2.44541  0.404007 -0.501222  0.793392  -6.86103   7.54645   5.98678   -5.9833 0.0861277  0.092503	-90.4309
  2.44541  0.404007 -0.501222  0.793392  -6.86103   7.54645   5.98678   -5.9833 0.0861277  0.092503	-90.4309
  2.44051  0.403726 -0.499208  0.792435  -7.00141   7.68684   6.13225  -6.12876 0.0861778 0.0924949	-90.3717
  2.44051  0.403726 -0.499208  0.792435  -7.00141   7.68684   6.13225  -6.12876 0.0861778 0.0924949	-90.3717
  2.43546  0.403427 -0.497127  0.791415  -7.15378   7.83921   6.28983  -6.28635 0.0862279 0.0924858	-90.3078
  2.43546  0.403427 -0.497127  0.791415  -7.15378   7.83921   6.28983  -6.28635 0.0862279 0.0924858	-90.3078
  2.43024  0.403109 -0.494976  0.790328  -7.32071   8.00613   6.46197  -6.45849 0.0862781 0.0924758	-90.2386
  2.43024  0.403109 -0.494976  0.790328  -7.32071   8.00613   6.46197  -6.45849 0.0862781 0.0924758	-90.2386
  2.42485  0.402771 -0.492756   0.78917  -7.50556   8.19098   6.65185  -6.64836 0.0863288 0.0924647	-90.163
  2.42485  0.402771 -0.492756   0.78917  -7.50556   8.19098   6.65185  -6.64836 0.0863288 0.0924647	-90.163
  2.41928  0.402412 -0.490464  0.787938  -7.71279   8.39822   6.86364  -6.86015 0.0863801 0.0924526	-90.08
  2.41928  0.402412 -0.490464  0.787938  -7.71279   8.39822   6.86364  -6.86015 0.0863801 0.0924526	-90.08
  2.41355  0.402029   -0.4881  0.786626  -7.94838    8.6338   7.10294  -7.09945 0.0864324 0.0924394	-89.988
  2.41355  0.402029   -0.4881  0.786626  -7.94838    8.6338   7.10294  -7.09945 0.0864324 0.0924394	-89.988
  2.40764  0.401624 -0.485664  0.785232   -8.2204   8.90583    7.3773  -7.37382 0.0864858  0.092425	-89.8853
  2.40764  0.401624 -0.485664  0.785232   -8.2204   8.90583    7.3773  -7.37382 0.0864858  0.092425	-89.8853
  2.40157  0.401193 -0.483159  0.783752  -8.54006   9.22548   7.69715  -7.69366 0.0865404 0.0924095	-89.7695
  2.40157  0.401193 -0.483159  0.783752  -8.54006   9.22548   7.69715  -7.69366 0.0865404 0.0924095	-89.7695
  2.39534  0.400738 -0.480589  0.782183  -8.92311   9.60853   8.07711  -8.07362 0.0865963 0.0923929	-89.6374
  2.39534  0.400738 -0.480589  0.782183  -8.92311   9.60853   8.07711  -8.07362 0.0865963 0.0923929	-89.6374
  2.38898  0.400258 -0.477967  0.780526  -9.27323   9.95865   8.42285  -8.41937 0.0866531  0.092375	-89.5186
  2.38898  0.400258 -0.477967  0.780526  -9.27323   9.95865   8.42285  -8.41937 0.0866531  0.092375	-89.5186
  2.38378  0.399843 -0.475819  0.779094  -9.34796        10   8.49544  -8.49195  0.086696 0.0923548	-89.4677
  2.38378  0.399843 -0.475819  0.779094  -9.34796        10   8.49544  -8.49195  0.086696 0.0923548	-89.4677
  2.38112  0.399564 -0.474712  0.778161  -9.38193        10   8.52742  -8.52394 0.0867021 0.0923163	-89.4335
  2.38112  0.399564 -0.474712  0.778161  -9.38193        10   8.52742  -8.52394 0.0867021 0.0923163	-89.4335
  2.37926   0.39935 -0.473936  0.777448  -9.41456        10   8.55813  -8.55464 0.0867027 0.0922823	-89.4021
  2.37926   0.39935 -0.473936  0.777448  -9.41456        10   8.55813  -8.55464 0.0867027 0.0922823	-89.4021
  2.37758  0.399154 -0.473235  0.776796  -9.45102        10   8.59216  -8.58867 0.0867033 0.0922511	-89.369
  2.37758  0.399154 -0.473235  0.776796  -9.45102        10   8.59216  -8.58867 0.0867033 0.0922511	-89.369
  2.37581  0.398946 -0.472494  0.776105  -9.47848        10   8.61798   -8.6145 0.0867043 0.0922179	-89.3444
  2.37581  0.398946 -0.472494  0.776105  -9.47848        10   8.61798   -8.6145 0.0867043 0.0922179	-89.3444
  2.37442  0.398779 -0.471914  0.775552  -9.50804        10   8.64563  -8.64214 0.0867045 0.0921904	-89.3194
  2.37442  0.398779 -0.471914  0.775552  -9.50804        10   8.64563  -8.64214 0.0867045 0.0921904	-89.3194
  2.37301   0.39861 -0.471328  0.774993  -9.53839        10   8.67394  -8.67045 0.0867051 0.0921628	-89.2948
  2.37301   0.39861 -0.471328  0.774993  -9.53839        10   8.67394  -8.67045 0.0867051 0.0921628	-89.2948
   2.3716   0.39844  -0.47074  0.774428  -9.56642        10    8.7001  -8.69662 0.0867057 0.0921345	-89.273
   2.3716   0.39844  -0.47074  0.774428  -9.56642        10    8.7001  -8.69662 0.0867057 0.0921345	-89.273
  2.37031  0.398281 -0.470198  0.773901  -9.57632        10   8.70924  -8.70576 0.0867062 0.0921077	-89.2654
  2.37031  0.398281 -0.470198  0.773901  -9.57632        10   8.70924  -8.70576 0.0867062 0.0921077	-89.2654
  2.36977  0.398212 -0.469974  0.773674  -9.58642        10   8.71856  -8.71507 0.0867057 0.0920951	-89.258
  2.36977  0.398212 -0.469974  0.773674  -9.58642        10   8.71856  -8.71507 0.0867057 0.0920951	-89.258
  2.36932  0.398155 -0.469783  0.773486  -9.59678        10   8.72811  -8.72462 0.0867058 0.0920853	-89.2506
  2.36932  0.398155 -0.469783  0.773486  -9.59678        10   8.72811  -8.72462 0.0867058 0.0920853	-89.2506
  2.36886  0.398099 -0.469594    0.7733  -9.60744        10   8.73791  -8.73443  0.086706 0.0920758	-89.2431
  2.36886  0.398099 -0.469594    0.7733  -9.60744        10   8.73791  -8.73443  0.086706 0.0920758	-89.2431
   2.3684  0.398042 -0.469402  0.773111  -9.61758        10   8.74725  -8.74377 0.0867062  0.092066	-89.2362
   2.3684  0.398042 -0.469402  0.773111  -9.61758        10   8.74725  -8.74377 0.0867062  0.092066	-89.2362
  2.36796  0.397987 -0.469218   0.77293  -9.62797        10   8.75681  -8.75333 0.0867065 0.0920566	-89.2292
  2.36796  0.397987 -0.469218   0.77293  -9.62797        10   8.75681  -8.75333 0.0867065 0.0920566	-89.2292
  2.36752  0.397931 -0.469032  0.772747  -9.63864        10   8.76661  -8.76313 0.0867067 0.0920471	-89.2222
  2.36752  0.397931 -0.469032  0.772747  -9.63864        10   8.76661  -8.76313 0.0867067 0.0920471	-89.2222
  2.36707  0.397875 -0.468844  0.772561  -9.64959        10   8.77666  -8.77318  0.086707 0.0920374	-89.2151
  2.36707  0.397875 -0.468844  0.772561  -9.64959        10   8.77666  -8.77318  0.086707 0.0920374	-89.2151
  2.36661  0.397817 -0.468652  0.772371  -9.65835        10   8.78474  -8.78125 0.0867073 0.0920274	-89.2095
  2.36661  0.397817 -0.468652  0.772371  -9.65835        10   8.78474  -8.78125 0.0867073 0.0920274	-89.2095
  2.36623  0.397769 -0.468493  0.772212  -9.66725        10   8.79293  -8.78944 0.0867074  0.092019	-89.204
  2.36623  0.397769 -0.468493  0.772212  -9.66725        10   8.79293  -8.78944 0.0867074  0.092019	-89.204
  2.36586  0.397722 -0.468337  0.772056   -9.6763        10   8.80125  -8.79776 0.0867076 0.0920108	-89.1985
  2.36586  0.397722 -0.468337  0.772056   -9.6763        10   8.80125  -8.79776 0.0867076 0.0920108	-89.1985
  2.36548  0.397674  -0.46818  0.771899  -9.68549        10    8.8097  -8.80622 0.0867079 0.0920024	-89.193
  2.36548  0.397674  -0.46818  0.771899  -9.68549        10    8.8097  -8.80622 0.0867079 0.0920024	-89.193
   2.3651  0.397626 -0.468021   0.77174  -9.69485        10   8.81829   -8.8148 0.0867081  0.091994	-89.1875
   2.3651  0.397626 -0.468021   0.77174  -9.69485        10   8.81829   -8.8148 0.0867081  0.091994	-89.1875
  2.36472  0.397577 -0.467861   0.77158  -9.70436        10   8.82702  -8.82353 0.0867084 0.0919855	-89.1821
  2.36472  0.397577 -0.467861   0.77158  -9.70436        10   8.82702  -8.82353 0.0867084 0.0919855	-89.1821
  2.36433  0.397528 -0.467699  0.771417  -9.71391        10   8.83577  -8.83228 0.0867087 0.0919768	-89.1768
  2.36433  0.397528 -0.467699  0.771417  -9.71391        10   8.83577  -8.83228 0.0867087 0.0919768	-89.1768
  2.36395  0.397478 -0.467537  0.771254  -9.72362        10   8.84466  -8.84118 0.0867089 0.0919681	-89.1715
  2.36395  0.397478 -0.467537  0.771254  -9.72362        10   8.84466  -8.84118 0.0867089 0.0919681	-89.1715
  2.36356  0.397428 -0.467374   0.77109   -9.7335        10   8.85371  -8.85022 0.0867092 0.0919592	-89.1663
  2.36356  0.397428 -0.467374   0.77109   -9.7335        10   8.85371  -8.85022 0.0867092 0.0919592	-89.1663
  2.36316  0.397378 -0.467209  0.770923   -9.7426        10   8.86205  -8.85856 0.0867095 0.0919502	-89.1616
  2.36316  0.397378 -0.467209  0.770923   -9.7426        10   8.86205  -8.85856 0.0867095 0.0919502	-89.1616
   2.3628   0.39733 -0.467056  0.770768  -9.75182        10   8.87049    -8.867 0.0867098 0.0919418	-89.1569
   2.3628   0.39733 -0.467056  0.770768  -9.75182        10   8.87049    -8.867 0.0867098 0.0919418	-89.1569
  2.36243  0.397283 -0.466903  0.770613  -9.76116        10   8.87903  -8.87554 0.0867101 0.0919334	-89.1523
  2.36243  0.397283 -0.466903  0.770613  -9.76116        10   8.87903  -8.87554 0.0867101 0.0919334	-89.1523
  2.36206  0.397236  -0.46675  0.770457  -9.77062        10   8.88768  -8.88419 0.0867104 0.0919249	-89.1478
  2.36206  0.397236  -0.46675  0.770457  -9.77062        10   8.88768  -8.88419 0.0867104 0.0919249	-89.1478
   2.3617  0.397188 -0.466595    0.7703   -9.7802        10   8.89643  -8.89295 0.0867107 0.0919163	-89.1434
   2.3617  0.397188 -0.466595    0.7703   -9.7802        10   8.89643  -8.89295 0.0867107 0.0919163	-89.1434
  2.36132   0.39714  -0.46644  0.770141  -9.78301        10   8.89898   -8.8955 0.0867111 0.0919076	-89.1421
  2.36132   0.39714  -0.46644  0.770141  -9.78301        10   8.89898   -8.8955 0.0867111 0.0919076	-89.1421
  2.36119  0.397121 -0.466382   0.77008  -9.78582        10   8.90154  -8.89806  0.086711  0.091904	-89.1409
  2.36119  0.397121 -0.466382   0.77008  -9.78582        10   8.90154  -8.89806  0.086711  0.091904	-89.1409
  2.36108  0.397106 -0.466336  0.770032  -9.78864        10   8.90412  -8.90063  0.086711 0.0919013	-89.1396
  2.36108  0.397106 -0.466336  0.770032  -9.78864        10   8.90412  -8.90063  0.086711 0.0919013	-89.1396
  2.36097  0.397092  -0.46629  0.769985  -9.79149        10   8.90671  -8.90322 0.0867111 0.0918987	-89.1384
  2.36097  0.397092  -0.46629  0.769985  -9.79149        10   8.90671  -8.90322 0.0867111 0.0918987	-89.1384
  2.36086  0.397078 -0.466245  0.769939  -9.79434        10   8.90931  -8.90582 0.0867112 0.0918961	-89.1371
  2.36086  0.397078 -0.466245  0.769939  -9.79434        10   8.90931  -8.90582 0.0867112 0.0918961	-89.1371
  2.36075  0.397064 -0.466199  0.769892  -9.79722        10   8.91192  -8.90844 0.0867113 0.0918936	-89.1359
  2.36075  0.397064 -0.466199  0.769892  -9.79722        10   8.91192  -8.90844 0.0867113 0.0918936	-89.1359
  2.36064  0.397049 -0.466153  0.769845  -9.80011        10   8.91455  -8.91106 0.0867115  0.091891	-89.1347
  2.36064  0.397049 -0.466153  0.769845  -9.80011        10   8.91455  -8.91106 0.0867115  0.091891	-89.1347
  2.36053  0.397035 -0.466107  0.769798  -9.80301        10   8.91719  -8.91371 0.0867116 0.0918884	-89.1334
  2.36053  0.397035 -0.466107  0.769798  -9.80301        10   8.91719  -8.91371 0.0867116 0.0918884	-89.1334
  2.36042  0.397021 -0.466061  0.769751  -9.80593        10   8.91985  -8.91637 0.0867117 0.0918858	-89.1322
  2.36042  0.397021 -0.466061  0.769751  -9.80593        10   8.91985  -8.91637 0.0867117 0.0918858	-89.1322
  2.36031  0.397006 -0.466015  0.769703  -9.80888        10   8.92253  -8.91904 0.0867118 0.0918831	-89.131
  2.36031  0.397006 -0.466015  0.769703  -9.80888        10   8.92253  -8.91904 0.0867118 0.0918831	-89.131
   2.3602  0.396992 -0.465968  0.769656  -9.81141        10   8.92484  -8.92135 0.0867119 0.0918805	-89.1299
   2.3602  0.396992 -0.465968  0.769656  -9.81141        10   8.92484  -8.92135 0.0867119 0.0918805	-89.1299
   2.3601  0.396979 -0.465928  0.769614  -9.81395        10   8.92715  -8.92367  0.086712 0.0918781	-89.1289
   2.3601  0.396979 -0.465928  0.769614  -9.81395        10   8.92715  -8.92367  0.086712 0.0918781	-89.1289
  2.36001  0.396966 -0.465887  0.769572  -9.81651        10   8.92948  -8.92599 0.0867121 0.0918758	-89.1279
  2.36001  0.396966 -0.465887  0.769572  -9.81651        10   8.92948  -8.92599 0.0867121 0.0918758	-89.1279
  2.35991  0.396954 -0.465847  0.769531  -9.81907        10   8.93181  -8.92833 0.0867122 0.0918735	-89.1269
  2.35991  0.396954 -0.465847  0.769531  -9.81907        10   8.93181  -8.92833 0.0867122 0.0918735	-89.1269
  2.35981  0.396941 -0.465806  0.769489  -9.82164        10   8.93415  -8.93067 0.0867123 0.0918712	-89.1258
  2.35981  0.396941 -0.465806  0.769489  -9.82164        10   8.93415  -8.93067 0.0867123 0.0918712	-89.1258
  2.35972  0.396928 -0.465766  0.769447  -9.82422        10    8.9365  -8.93302 0.0867124 0.0918689	-89.1248
  2.35972  0.396928 -0.465766  0.769447  -9.82422        10    8.9365  -8.93302 0.0867124 0.0918689	-89.1248
  2.35962  0.396915 -0.465725  0.769406  -9.82681        10   8.93886  -8.93537 0.0867125 0.0918666	-89.1238
  2.35962  0.396915 -0.465725  0.769406  -9.82681        10   8.93886  -8.93537 0.0867125 0.0918666	-89.1238
  2.35952  0.396903 -0.465685  0.769364   -9.8294        10   8.94121  -8.93773 0.0867126 0.0918643	-89.1228
  2.35952  0.396903 -0.465685  0.769364   -9.8294        10   8.94121  -8.93773 0.0867126 0.0918643	-89.1228
  2.35943   0.39689 -0.465644  0.769322  -9.83199        10   8.94357  -8.94009 0.0867127 0.0918619	-89.1219
  2.35943   0.39689 -0.465644  0.769322  -9.83199        10   8.94357  -8.94009 0.0867127 0.0918619	-89.1219
  2.35933  0.396877 -0.465604   0.76928   -9.8346        10   8.94594  -8.94245 0.0867128 0.0918596	-89.1209
  2.35933  0.396877 -0.465604   0.76928   -9.8346        10   8.94594  -8.94245 0.0867128 0.0918596	-89.1209
  2.35923  0.396864 -0.465563  0.769238  -9.83721        10   8.94832  -8.94483 0.0867129 0.0918573	-89.1199
  2.35923  0.396864 -0.465563  0.769238  -9.83721        10   8.94832  -8.94483 0.0867129 0.0918573	-89.1199
  2.35913  0.396852 -0.465522  0.769196  -9.83983        10    8.9507  -8.94722  0.086713 0.0918549	-89.1189
  2.35913  0.396852 -0.465522  0.769196  -9.83983        10    8.9507  -8.94722  0.086713 0.0918549	-89.1189
  2.35904  0.396839 -0.465481  0.769154  -9.84246        10   8.95309  -8.94961 0.0867131 0.0918526	-89.118
  2.35904  0.396839 -0.465481  0.769154  -9.84246        10   8.95309  -8.94961 0.0867131 0.0918526	-89.118
  2.35894  0.396826  -0.46544  0.769112   -9.8451        10    8.9555  -8.95201 0.0867132 0.0918502	-89.117
  2.35894  0.396826  -0.46544  0.769112   -9.8451        10    8.9555  -8.95201 0.0867132 0.0918502	-89.117
  2.35884  0.396813 -0.465399   0.76907  -9.84776        10    8.9579  -8.95442 0.0867133 0.0918478	-89.1161
  2.35884  0.396813 -0.465399   0.76907  -9.84776        10    8.9579  -8.95442 0.0867133 0.0918478	-89.1161
  2.35874    0.3968 -0.465358  0.769027  -9.85042        10   8.96032  -8.95684 0.0867135 0.0918455	-89.1151
  2.35874    0.3968 -0.465358  0.769027  -9.85042        10   8.96032  -8.95684 0.0867135 0.0918455	-89.1151
  2.35865  0.396787 -0.465317  0.768985  -9.85309        10   8.96275  -8.95926 0.0867136 0.0918431	-89.1142
  2.35865  0.396787 -0.465317  0.768985  -9.85309        10   8.96275  -8.95926 0.0867136 0.0918431	-89.1142
  2.35855  0.396774 -0.465276  0.768942  -9.85577        10   8.96518   -8.9617 0.0867137 0.0918407	-89.1133
  2.35855  0.396774 -0.465276  0.768942  -9.85577        10   8.96518   -8.9617 0.0867137 0.0918407	-89.1133
  2.35845  0.396761 -0.465235  0.768899  -9.85846        10   8.96762  -8.96414 0.0867138 0.0918383	-89.1124
  2.35845  0.396761 -0.465235  0.768899  -9.85846        10   8.96762  -8.96414 0.0867138 0.0918383	-89.1124
  2.35835  0.396748 -0.465193  0.768857  -9.86116        10   8.97008  -8.96659 0.0867139 0.0918359	-89.1115
  2.35835  0.396748 -0.465193  0.768857  -9.86116        10   8.97008  -8.96659 0.0867139 0.0918359	-89.1115
  2.35825  0.396735 -0.465152  0.768814  -9.86387        10   8.97254  -8.96905  0.086714 0.0918335	-89.1106
  2.35825  0.396735 -0.465152  0.768814  -9.86387        10   8.97254  -8.96905  0.086714 0.0918335	-89.1106
  2.35815  0.396722  -0.46511  0.768771  -9.86659        10   8.97501  -8.97152 0.0867142  0.091831	-89.1097
  2.35815  0.396722  -0.46511  0.768771  -9.86659        10   8.97501  -8.97152 0.0867142  0.091831	-89.1097
  2.35805  0.396708 -0.465069  0.768728  -9.86932        10   8.97749    -8.974 0.0867143 0.0918286	-89.1088
  2.35805  0.396708 -0.465069  0.768728  -9.86932        10   8.97749    -8.974 0.0867143 0.0918286	-89.1088
  2.35795  0.396695 -0.465027  0.768684  -9.87207        10   8.97997  -8.97649 0.0867144 0.0918262	-89.1079
  2.35795  0.396695 -0.465027  0.768684  -9.87207        10   8.97997  -8.97649 0.0867144 0.0918262	-89.1079
  2.35785  0.396682 -0.464985  0.768641  -9.87481        10   8.98247  -8.97898 0.0867145 0.0918237	-89.1071
  2.35785  0.396682 -0.464985  0.768641  -9.87481        10   8.98247  -8.97898 0.0867145 0.0918237	-89.1071
  2.35775  0.396669 -0.464943  0.768598  -9.87741        10   8.98483  -8.98134 0.0867147 0.0918213	-89.1062
  2.35775  0.396669 -0.464943  0.768598  -9.87741        10   8.98483  -8.98134 0.0867147 0.0918213	-89.1062
  2.35766  0.396656 -0.464904  0.768556  -9.88002        10   8.98719  -8.98371 0.0867148 0.0918189	-89.1054
  2.35766  0.396656 -0.464904  0.768556  -9.88002        10   8.98719  -8.98371 0.0867148 0.0918189	-89.1054
  2.35756  0.396644 -0.464864  0.768515  -9.88264        10   8.98957  -8.98608 0.0867149 0.0918166	-89.1047
  2.35756  0.396644 -0.464864  0.768515  -9.88264        10   8.98957  -8.98608 0.0867149 0.0918166	-89.1047
  2.35747  0.396631 -0.464824  0.768474  -9.88526        10   8.99195  -8.98846  0.086715 0.0918143	-89.1039
  2.35747  0.396631 -0.464824  0.768474  -9.88526        10   8.99195  -8.98846  0.086715 0.0918143	-89.1039
  2.35737  0.396618 -0.464785  0.768432  -9.88789        10   8.99433  -8.99084 0.0867151 0.0918119	-89.1031
  2.35737  0.396618 -0.464785  0.768432  -9.88789        10   8.99433  -8.99084 0.0867151 0.0918119	-89.1031
  2.35728  0.396606 -0.464745  0.768391  -9.89053        10   8.99672  -8.99324 0.0867153 0.0918096	-89.1023
  2.35728  0.396606 -0.464745  0.768391  -9.89053        10   8.99672  -8.99324 0.0867153 0.0918096	-89.1023
  2.35718  0.396593 -0.464705   0.76835  -9.89317        10   8.99912  -8.99563 0.0867154 0.0918072	-89.1016
  2.35718  0.396593 -0.464705   0.76835  -9.89317        10   8.99912  -8.99563 0.0867154 0.0918072	-89.1016
  2.35709   0.39658 -0.464665  0.768308  -9.89582        10   9.00152  -8.99804 0.0867155 0.0918049	-89.1008
  2.35709   0.39658 -0.464665  0.768308  -9.89582        10   9.00152  -8.99804 0.0867155 0.0918049	-89.1008
  2.35699  0.396568 -0.464625  0.768267  -9.89848        10   9.00393  -9.00045 0.0867157 0.0918025	-89.1001
  2.35699  0.396568 -0.464625  0.768267  -9.89848        10   9.00393  -9.00045 0.0867157 0.0918025	-89.1001
   2.3569  0.396555 -0.464585  0.768225  -9.90115        10   9.00635  -9.00287 0.0867158 0.0918002	-89.0993
   2.3569  0.396555 -0.464585  0.768225  -9.90115        10   9.00635  -9.00287 0.0867158 0.0918002	-89.0993
   2.3568  0.396542 -0.464545  0.768184  -9.90382        10   9.00878  -9.00529 0.0867159 0.0917978	-89.0986
   2.3568  0.396542 -0.464545  0.768184  -9.90382        10   9.00878  -9.00529 0.0867159 0.0917978	-89.0986
  2.35671  0.396529 -0.464505  0.768142  -9.90651        10   9.01121  -9.00772 0.0867161 0.0917954	-89.0979
  2.35671  0.396529 -0.464505  0.768142  -9.90651        10   9.01121  -9.00772 0.0867161 0.0917954	-89.0979
  2.35661  0.396517 -0.464465    0.7681   -9.9092        10   9.01364  -9.01016 0.0867162  0.091793	-89.0972
  2.35661  0.396517 -0.464465    0.7681   -9.9092        10   9.01364  -9.01016 0.0867162  0.091793	-89.0972
  2.35652  0.396504 -0.464425  0.768058  -9.91189        10   9.01608   -9.0126 0.0867163 0.0917907	-89.0965
  2.35652  0.396504 -0.464425  0.768058  -9.91189        10   9.01608   -9.0126 0.0867163 0.0917907	-89.0965
  2.35642  0.396491 -0.464385  0.768016   -9.9146        10   9.01853  -9.01505 0.0867165 0.0917883	-89.0958
  2.35642  0.396491 -0.464385  0.768016   -9.9146        10   9.01853  -9.01505 0.0867165 0.0917883	-89.0958
  2.35632  0.396478 -0.464345  0.767974  -9.91731        10   9.02099   -9.0175 0.0867166 0.0917859	-89.0951
  2.35632  0.396478 -0.464345  0.767974  -9.91731        10   9.02099   -9.0175 0.0867166 0.0917859	-89.0951
  2.35623  0.396465 -0.464304  0.767932  -9.91802        10   9.02163  -9.01815 0.0867167 0.0917835	-89.095
  2.35623  0.396465 -0.464304  0.767932  -9.91802        10   9.02163  -9.01815 0.0867167 0.0917835	-89.095
   2.3562  0.396461 -0.464291  0.767917  -9.91873        10   9.02227  -9.01879 0.0867167 0.0917825	-89.0948
   2.3562  0.396461 -0.464291  0.767917  -9.91873        10   9.02227  -9.01879 0.0867167 0.0917825	-89.0948
  2.35617  0.396457  -0.46428  0.767906  -9.91944        10   9.02292  -9.01943 0.0867168 0.0917819	-89.0946
  2.35617  0.396457  -0.46428  0.767906  -9.91944        10   9.02292  -9.01943 0.0867168 0.0917819	-89.0946
  2.35614  0.396454 -0.464269  0.767895  -9.92015        10   9.02356  -9.02008 0.0867168 0.0917812	-89.0944
  2.35614  0.396454 -0.464269  0.767895  -9.92015        10   9.02356  -9.02008 0.0867168 0.0917812	-89.0944
  2.35612   0.39645 -0.464258  0.767884  -9.92087        10   9.02421  -9.02072 0.0867168 0.0917806	-89.0943
  2.35612   0.39645 -0.464258  0.767884  -9.92087        10   9.02421  -9.02072 0.0867168 0.0917806	-89.0943
  2.35609  0.396447 -0.464248  0.767873  -9.92158        10   9.02485  -9.02136 0.0867169   0.09178	-89.0941
  2.35609  0.396447 -0.464248  0.767873  -9.92158        10   9.02485  -9.02136 0.0867169   0.09178	-89.0941
  2.35607  0.396444 -0.464237  0.767862  -9.92229        10    9.0255  -9.02201 0.0867169 0.0917793	-89.0939
  2.35607  0.396444 -0.464237  0.767862  -9.92229        10    9.0255  -9.02201 0.0867169 0.0917793	-89.0939
  2.35604   0.39644 -0.464227  0.767851    -9.923        10   9.02614  -9.02265  0.086717 0.0917787	-89.0937
  2.35604   0.39644 -0.464227  0.767851    -9.923        10   9.02614  -9.02265  0.086717 0.0917787	-89.0937
  2.35602  0.396437 -0.464216   0.76784  -9.92372        10   9.02679   -9.0233  0.086717 0.0917781	-89.0936
  2.35602  0.396437 -0.464216   0.76784  -9.92372        10   9.02679   -9.0233  0.086717 0.0917781	-89.0936
  2.35599  0.396434 -0.464206  0.767829  -9.92443        10   9.02743  -9.02395  0.086717 0.0917774	-89.0934
  2.35599  0.396434 -0.464206  0.767829  -9.92443        10   9.02743  -9.02395  0.086717 0.0917774	-89.0934
  2.35597   0.39643 -0.464195  0.767818  -9.92515        10   9.02808  -9.02459 0.0867171 0.0917768	-89.0932
  2.35597   0.39643 -0.464195  0.767818  -9.92515        10   9.02808  -9.02459 0.0867171 0.0917768	-89.0932
  2.35594  0.396427 -0.464185  0.767807  -9.92586        10   9.02872  -9.02524 0.0867171 0.0917762	-89.0931
  2.35594  0.396427 -0.464185  0.767807  -9.92586        10   9.02872  -9.02524 0.0867171 0.0917762	-89.0931
  2.35592  0.396423 -0.464174  0.767796  -9.92658        10   9.02937  -9.02589 0.0867171 0.0917756	-89.0929
  2.35592  0.396423 -0.464174  0.767796  -9.92658        10   9.02937  -9.02589 0.0867171 0.0917756	-89.0929
  2.35589   0.39642 -0.464164  0.767784  -9.92729        10   9.03002  -9.02653 0.0867172 0.0917749	-89.0927
  2.35589   0.39642 -0.464164  0.767784  -9.92729        10   9.03002  -9.02653 0.0867172 0.0917749	-89.0927
  2.35587  0.396417 -0.464153  0.767773  -9.92801        10   9.03067  -9.02718 0.0867172 0.0917743	-89.0926
  2.35587  0.396417 -0.464153  0.767773  -9.92801        10   9.03067  -9.02718 0.0867172 0.0917743	-89.0926
  2.35584  0.396413 -0.464143  0.767762  -9.92873        10   9.03132  -9.02783 0.0867173 0.0917737	-89.0924
  2.35584  0.396413 -0.464143  0.767762  -9.92873        10   9.03132  -9.02783 0.0867173 0.0917737	-89.0924
  2.35582   0.39641 -0.464132  0.767751  -9.92945        10   9.03197  -9.02848 0.0867173  0.091773	-89.0922
  2.35582   0.39641 -0.464132  0.767751  -9.92945        10   9.03197  -9.02848 0.0867173  0.091773	-89.0922
  2.35579  0.396407 -0.464121   0.76774  -9.93017        10   9.03262  -9.02913 0.0867173 0.0917724	-89.0921
  2.35579  0.396407 -0.464121   0.76774  -9.93017        10   9.03262  -9.02913 0.0867173 0.0917724	-89.0921
  2.35577  0.396403 -0.464111  0.767729  -9.93089        10   9.03327  -9.02978 0.0867174 0.0917718	-89.0919
  2.35577  0.396403 -0.464111  0.767729  -9.93089        10   9.03327  -9.02978 0.0867174 0.0917718	-89.0919
  2.35574    0.3964   -0.4641  0.767718  -9.93161        10   9.03392  -9.03043 0.0867174 0.0917711	-89.0917
  2.35574    0.3964   -0.4641  0.767718  -9.93161        10   9.03392  -9.03043 0.0867174 0.0917711	-89.0917
  2.35572  0.396396  -0.46409  0.767707  -9.93233        10   9.03457  -9.03108 0.0867175 0.0917705	-89.0916
  2.35572  0.396396  -0.46409  0.767707  -9.93233        10   9.03457  -9.03108 0.0867175 0.0917705	-89.0916
  2.35569  0.396393 -0.464079  0.767696  -9.93305        10   9.03522  -9.03174 0.0867175 0.0917698	-89.0914
  2.35569  0.396393 -0.464079  0.767696  -9.93305        10   9.03522  -9.03174 0.0867175 0.0917698	-89.0914
  2.35567   0.39639 -0.464068  0.767685  -9.93377        10   9.03587  -9.03239 0.0867175 0.0917692	-89.0913
  2.35567   0.39639 -0.464068  0.767685  -9.93377        10   9.03587  -9.03239 0.0867175 0.0917692	-89.0913
  2.35564  0.396386 -0.464058  0.767674  -9.93449        10   9.03653  -9.03304 0.0867176 0.0917686	-89.0911
  2.35564  0.396386 -0.464058  0.767674  -9.93449        10   9.03653  -9.03304 0.0867176 0.0917686	-89.0911
  2.35562  0.396383 -0.464047  0.767663  -9.93521        10   9.03718   -9.0337 0.0867176 0.0917679	-89.0909
  2.35562  0.396383 -0.464047  0.767663  -9.93521        10   9.03718   -9.0337 0.0867176 0.0917679	-89.0909
  2.35559  0.396379 -0.464037  0.767652  -9.93594        10   9.03784  -9.03435 0.0867177 0.0917673	-89.0908
  2.35559  0.396379 -0.464037  0.767652  -9.93594        10   9.03784  -9.03435 0.0867177 0.0917673	-89.0908
  2.35557  0.396376 -0.464026  0.767641  -9.93666        10   9.03849    -9.035 0.0867177 0.0917667	-89.0906
  2.35557  0.396376 -0.464026  0.767641  -9.93666        10   9.03849    -9.035 0.0867177 0.0917667	-89.0906
  2.35554  0.396373 -0.464015  0.767629  -9.93739        10   9.03915  -9.03566 0.0867177  0.091766	-89.0905
  2.35554  0.396373 -0.464015  0.767629  -9.93739        10   9.03915  -9.03566 0.0867177  0.091766	-89.0905
  2.35551  0.396369 -0.464005  0.767618  -9.93811        10    9.0398  -9.03631 0.0867178 0.0917654	-89.0903
  2.35551  0.396369 -0.464005  0.767618  -9.93811        10    9.0398  -9.03631 0.0867178 0.0917654	-89.0903
  2.35549  0.396366 -0.463994  0.767607  -9.93884        10   9.04046  -9.03697 0.0867178 0.0917647	-89.0902
  2.35549  0.396366 -0.463994  0.767607  -9.93884        10   9.04046  -9.03697 0.0867178 0.0917647	-89.0902
  2.35546  0.396362 -0.463984  0.767596  -9.93956        10   9.04111  -9.03763 0.0867179 0.0917641	-89.09
  2.35546  0.396362 -0.463984  0.767596  -9.93956        10   9.04111  -9.03763 0.0867179 0.0917641	-89.09
  2.35544  0.396359 -0.463973  0.767585  -9.94029        10   9.04177  -9.03828 0.0867179 0.0917635	-89.0898
  2.35544  0.396359 -0.463973  0.767585  -9.94029        10   9.04177  -9.03828 0.0867179 0.0917635	-89.0898
  2.35541  0.396356 -0.463962  0.767574  -9.94102        10   9.04243  -9.03894 0.0867179 0.0917628	-89.0897
  2.35541  0.396356 -0.463962  0.767574  -9.94102        10   9.04243  -9.03894 0.0867179 0.0917628	-89.0897
  2.35539  0.396352 -0.463952  0.767563  -9.94175        10   9.04308   -9.0396  0.086718 0.0917622	-89.0895
  2.35539  0.396352 -0.463952  0.767563  -9.94175        10   9.04308   -9.0396  0.086718 0.0917622	-89.0895
  2.35536  0.396349 -0.463941  0.767552  -9.94248        10   9.04374  -9.04026  0.086718 0.0917615	-89.0894
  2.35536  0.396349 -0.463941  0.767552  -9.94248        10   9.04374  -9.04026  0.086718 0.0917615	-89.0894
  2.35534  0.396345  -0.46393   0.76754   -9.9432        10    9.0444  -9.04092 0.0867181 0.0917609	-89.0892
  2.35534  0.396345  -0.46393   0.76754   -9.9432        10    9.0444  -9.04092 0.0867181 0.0917609	-89.0892
  2.35531  0.396342  -0.46392  0.767529  -9.94393        10   9.04506  -9.04158 0.0867181 0.0917603	-89.0891
  2.35531  0.396342  -0.46392  0.767529  -9.94393        10   9.04506  -9.04158 0.0867181 0.0917603	-89.0891
  2.35529  0.396339 -0.463909  0.767518  -9.94467        10   9.04572  -9.04224 0.0867181 0.0917596	-89.0889
  2.35529  0.396339 -0.463909  0.767518  -9.94467        10   9.04572  -9.04224 0.0867181 0.0917596	-89.0889
  2.35526  0.396335 -0.463899  0.767507   -9.9454        10   9.04638   -9.0429 0.0867182  0.091759	-89.0888
  2.35526  0.396335 -0.463899  0.767507   -9.9454        10   9.04638   -9.0429 0.0867182  0.091759	-89.0888
  2.35524  0.396332 -0.463888  0.767496  -9.94613        10   9.04704  -9.04356 0.0867182 0.0917583	-89.0886
  2.35524  0.396332 -0.463888  0.767496  -9.94613        10   9.04704  -9.04356 0.0867182 0.0917583	-89.0886
  2.35521  0.396328 -0.463877  0.767485  -9.94686        10    9.0477  -9.04422 0.0867183 0.0917577	-89.0885
  2.35521  0.396328 -0.463877  0.767485  -9.94686        10    9.0477  -9.04422 0.0867183 0.0917577	-89.0885
  2.35519  0.396325 -0.463867  0.767473  -9.94759        10   9.04837  -9.04488 0.0867183  0.091757	-89.0883
  2.35519  0.396325 -0.463867  0.767473  -9.94759        10   9.04837  -9.04488 0.0867183  0.091757	-89.0883
  2.35516  0.396321 -0.463856  0.767462  -9.94833        10   9.04903  -9.04554 0.0867183 0.0917564	-89.0882
  2.35516  0.396321 -0.463856  0.767462  -9.94833        10   9.04903  -9.04554 0.0867183 0.0917564	-89.0882
  2.35513  0.396318 -0.463845  0.767451  -9.94906        10   9.04969  -9.04621 0.0867184 0.0917558	-89.088
  2.35513  0.396318 -0.463845  0.767451  -9.94906        10   9.04969  -9.04621 0.0867184 0.0917558	-89.088
  2.35511  0.396315 -0.463835   0.76744  -9.94975        10   9.05032  -9.04683 0.0867184 0.0917551	-89.0879
  2.35511  0.396315 -0.463835   0.76744  -9.94975        10   9.05032  -9.04683 0.0867184 0.0917551	-89.0879
  2.35508  0.396311 -0.463824  0.767429  -9.95045        10   9.05094  -9.04746 0.0867185 0.0917545	-89.0878
  2.35508  0.396311 -0.463824  0.767429  -9.95045        10   9.05094  -9.04746 0.0867185 0.0917545	-89.0878
  2.35506  0.396308 -0.463814  0.767419  -9.95114        10   9.05157  -9.04809 0.0867185 0.0917539	-89.0876
  2.35506  0.396308 -0.463814  0.767419  -9.95114        10   9.05157  -9.04809 0.0867185 0.0917539	-89.0876
  2.35504  0.396305 -0.463804  0.767408  -9.95184        10    9.0522  -9.04871 0.0867185 0.0917533	-89.0875
  2.35504  0.396305 -0.463804  0.767408  -9.95184        10    9.0522  -9.04871 0.0867185 0.0917533	-89.0875
  2.35501  0.396302 -0.463794  0.767398  -9.95253        10   9.05283  -9.04934 0.0867186 0.0917527	-89.0874
  2.35501  0.396302 -0.463794  0.767398  -9.95253        10   9.05283  -9.04934 0.0867186 0.0917527	-89.0874
  2.35499  0.396298 -0.463784  0.767387  -9.95323        10   9.05346  -9.04997 0.0867186  0.091752	-89.0872
  2.35499  0.396298 -0.463784  0.767387  -9.95323        10   9.05346  -9.04997 0.0867186  0.091752	-89.0872
  2.35496  0.396295 -0.463774  0.767376  -9.95392        10   9.05408   -9.0506 0.0867187 0.0917514	-89.0871
  2.35496  0.396295 -0.463774  0.767376  -9.95392        10   9.05408   -9.0506 0.0867187 0.0917514	-89.0871
  2.35494  0.396292 -0.463764  0.767366  -9.95462        10   9.05471  -9.05123 0.0867187 0.0917508	-89.087
  2.35494  0.396292 -0.463764  0.767366  -9.95462        10   9.05471  -9.05123 0.0867187 0.0917508	-89.087
  2.35492  0.396289 -0.463754  0.767355  -9.95531        10   9.05534  -9.05186 0.0867187 0.0917502	-89.0868
  2.35492  0.396289 -0.463754  0.767355  -9.95531        10   9.05534  -9.05186 0.0867187 0.0917502	-89.0868
  2.35489  0.396285 -0.463744  0.767345  -9.95601        10   9.05597  -9.05249 0.0867188 0.0917496	-89.0867
  2.35489  0.396285 -0.463744  0.767345  -9.95601        10   9.05597  -9.05249 0.0867188 0.0917496	-89.0867
  2.35487  0.396282 -0.463733  0.767334  -9.95671        10    9.0566  -9.05312 0.0867188  0.091749	-89.0866
  2.35487  0.396282 -0.463733  0.767334  -9.95671        10    9.0566  -9.05312 0.0867188  0.091749	-89.0866
  2.35484  0.396279 -0.463723  0.767323  -9.95741        10   9.05723  -9.05375 0.0867189 0.0917484	-89.0864
  2.35484  0.396279 -0.463723  0.767323  -9.95741        10   9.05723  -9.05375 0.0867189 0.0917484	-89.0864
  2.35482  0.396276 -0.463713  0.767313  -9.95811        10   9.05786  -9.05438 0.0867189 0.0917478	-89.0863
  2.35482  0.396276 -0.463713  0.767313  -9.95811        10   9.05786  -9.05438 0.0867189 0.0917478	-89.0863
   2.3548  0.396272 -0.463703  0.767302   -9.9588        10   9.05849  -9.05501 0.0867189 0.0917471	-89.0862
   2.3548  0.396272 -0.463703  0.767302   -9.9588        10   9.05849  -9.05501 0.0867189 0.0917471	-89.0862
  2.35477  0.396269 -0.463693  0.767291   -9.9595        10   9.05913  -9.05564  0.086719 0.0917465	-89.0861
  2.35477  0.396269 -0.463693  0.767291   -9.9595        10   9.05913  -9.05564  0.086719 0.0917465	-89.0861
  2.35475  0.396266 -0.463683  0.767281   -9.9602        10   9.05976  -9.05627  0.086719 0.0917459	-89.0859
  2.35475  0.396266 -0.463683  0.767281   -9.9602        10   9.05976  -9.05627  0.086719 0.0917459	-89.0859
  2.35472  0.396263 -0.463673   0.76727   -9.9609        10   9.06039   -9.0569 0.0867191 0.0917453	-89.0858
  2.35472  0.396263 -0.463673   0.76727   -9.9609        10   9.06039   -9.0569 0.0867191 0.0917453	-89.0858
   2.3547  0.396259 -0.463663   0.76726   -9.9616        10   9.06102  -9.05754 0.0867191 0.0917447	-89.0857
   2.3547  0.396259 -0.463663   0.76726   -9.9616        10   9.06102  -9.05754 0.0867191 0.0917447	-89.0857
  2.35468  0.396256 -0.463653  0.767249   -9.9623        10   9.06165  -9.05817 0.0867192 0.0917441	-89.0856
  2.35468  0.396256 -0.463653  0.767249   -9.9623        10   9.06165  -9.05817 0.0867192 0.0917441	-89.0856
  2.35465  0.396253 -0.463642  0.767238  -9.96301        10   9.06229   -9.0588 0.0867192 0.0917435	-89.0854
  2.35465  0.396253 -0.463642  0.767238  -9.96301        10   9.06229   -9.0588 0.0867192 0.0917435	-89.0854
  2.35463   0.39625 -0.463632  0.767228  -9.96371        10   9.06292  -9.05944 0.0867192 0.0917428	-89.0853
  2.35463   0.39625 -0.463632  0.767228  -9.96371        10   9.06292  -9.05944 0.0867192 0.0917428	-89.0853
