7.92552e-38           1
2.78944e-22           1
6.82042e-36           1
 2.4447e-37           1
4.12857e-34           1
9.63666e-29           1
 3.4716e-36           1
2.69017e-27           1
2.49655e-31           1
3.41361e-38           1
 5.1756e-26           1
 9.8916e-28           1
6.20205e-26           1
3.58653e-38           1
1.01865e-27           1
8.65665e-33           1
1.02459e-26           1
1.23306e-26           1
5.15904e-36           1
4.24728e-26           1
1.11646e-28           1
1.83669e-27           1
 1.0701e-24           1
5.38642e-26           1
9.94295e-31           1
2.98838e-32           1
8.38174e-22           1
1.68305e-18           1
3.91961e-22           1
3.60889e-26           1
2.92727e-24           1
2.37117e-28           1
2.13575e-25           1
9.18479e-33           1
9.18543e-24           1
3.89495e-24           1
3.70209e-22           1
  1.129e-25           1
3.20028e-25           1
 1.0008e-25           1
4.75662e-27           1
1.25646e-27           1
4.56559e-28           1
3.78228e-33           1
5.73106e-30           1
3.27677e-23           1
1.61918e-24           1
7.33371e-20           1
 1.6749e-30           1
3.59082e-28           1
2.70788e-24           1
1.26928e-24           1
1.51265e-22           1
1.72393e-19           1
 5.2473e-20           1
3.35652e-21           1
8.13672e-18           1
1.05223e-19           1
5.72218e-17           1
1.00516e-20           1
8.47461e-22           1
1.27848e-16           1
1.60797e-25           1
 2.3905e-29           1
1.39963e-22           1
2.02789e-29           1
6.58549e-27           1
 2.2896e-21           1
1.38031e-19           1
9.56505e-23           1
9.52105e-23           1
2.02821e-20           1
9.11907e-24           1
1.11097e-22           1
4.39849e-22           1
2.09412e-21           1
1.78923e-19           1
3.56134e-19           1
1.76421e-19           1
1.72199e-18           1
6.90441e-18           1
6.92552e-14           1
 9.2455e-16           1
2.34578e-22           1
5.94982e-21           1
5.98186e-20           1
5.42995e-23           1
2.96627e-19           1
6.37201e-21           1
7.41825e-18           1
4.75825e-15           1
1.61051e-21           1
1.90482e-19           1
2.88454e-15           1
1.12218e-16           1
8.25332e-18           1
6.25688e-22           1
2.08848e-20           1
1.02386e-18           1
1.78009e-13           1
3.67509e-20           1
1.39002e-14           1
1.31472e-18           1
7.14749e-16           1
9.50029e-11           1
3.03629e-18           1
8.53349e-19           1
1.89588e-21           1
1.16434e-14           1
1.61574e-16           1
7.88756e-18           1
1.55079e-20           1
1.35371e-18           1
6.61176e-12           1
2.88411e-15           1
2.10738e-17           1
2.31099e-11           1
3.16308e-15           1
1.59569e-23           1
2.79833e-15           1
 4.1693e-11           1
 1.1437e-15           1
3.56915e-13           1
4.20943e-14           1
6.94749e-15           1
6.82991e-11           1
  3.826e-16           1
8.05276e-12           1
4.46218e-13           1
4.79218e-09           1
6.07109e-11           1
2.07602e-11           1
 2.2489e-09           1
3.68149e-09           1
1.91468e-10           1
9.19136e-09           1
2.23063e-10           1
2.28819e-11           1
1.45987e-11           1
1.52324e-14           1
1.53815e-12           1
1.21986e-13           1
2.10059e-10           1
4.34132e-11           1
 6.9293e-10           1
8.05647e-10           1
2.78559e-08           1
1.00971e-10           1
2.47857e-08           1
4.28288e-08           1
5.91005e-10           1
3.56748e-10           1
1.20272e-09           1
4.02329e-07           1
3.97981e-08           1
 1.4373e-10           1
3.04548e-09           1
3.78672e-09           1
1.67748e-06    0.999998
0.000582801    0.999417
2.52844e-10           1
3.65527e-08           1
 2.7923e-07           1
9.47491e-07    0.999999
1.11031e-08           1
1.21987e-08           1
7.37708e-05    0.999926
2.96533e-06    0.999997
1.74646e-05    0.999983
 0.00482399    0.995176
5.40195e-08           1
1.32104e-05    0.999987
4.15598e-10           1
9.97871e-06     0.99999
9.15115e-06    0.999991
4.12974e-07           1
4.46545e-07           1
0.000183523    0.999816
1.16609e-05    0.999988
0.000111414    0.999889
0.000198187    0.999802
8.68007e-05    0.999913
 0.00379823    0.996202
   0.012603    0.987397
 8.6276e-05    0.999914
1.92921e-05    0.999981
  0.0012386    0.998761
 0.00615908    0.993841
4.79512e-07           1
  0.0741661    0.925834
6.39794e-06    0.999994
  0.0252763    0.974724
1.71278e-05    0.999983
  0.0010671    0.998933
 0.00428054    0.995719
  0.0468294    0.953171
 0.00160847    0.998392
   0.038331    0.961669
0.000636344    0.999364
 0.00144413    0.998556
2.38075e-05    0.999976
   0.310428    0.689572
   0.146416    0.853584
 0.00609186    0.993908
  0.0879448    0.912055
   0.586596    0.413404
   0.635446    0.364554
0.000250072     0.99975
   0.482918    0.517082
  0.0171251    0.982875
 0.00128048     0.99872
   0.834396    0.165604
   0.589205    0.410795
    0.99187  0.00812953
   0.827269    0.172731
   0.776237    0.223763
   0.873344    0.126656
   0.902093   0.0979073
   0.789997    0.210003
   0.862217    0.137783
   0.846737    0.153263
   0.921901   0.0780988
   0.770511    0.229489
   0.878509    0.121491
   0.851837    0.148163
   0.961146   0.0388543
   0.757364    0.242636
   0.662863    0.337137
   0.991336   0.0086642
   0.995802  0.00419802
   0.916591   0.0834092
   0.995421  0.00457926
   0.955505   0.0444951
   0.990229  0.00977149
   0.897161    0.102839
   0.976868    0.023132
   0.990467  0.00953285
   0.981135    0.018865
    0.99502  0.00498023
   0.975925   0.0240745
   0.995976  0.00402353
   0.986391   0.0136087
   0.978468   0.0215316
    0.99428  0.00571953
   0.992577  0.00742251
   0.997921  0.00207932
    0.99251  0.00748957
   0.997751  0.00224947
   0.996753  0.00324667
   0.995928  0.00407246
   0.996773   0.0032267
   0.998082  0.00191828
   0.998655  0.00134524
   0.998592   0.0014082
   0.998215  0.00178468
   0.999043 0.000957042
   0.998866  0.00113361
   0.998993  0.00100731
   0.999274 0.000726409
   0.999332 0.000667601
   0.999467 0.000532701
   0.999561 0.000439475
   0.999568 0.000431651
   0.999623 0.000376854
   0.999741 0.000259287
   0.999671 0.000328507
   0.999849 0.000150722
   0.999777 0.000223038
    0.99982  0.00017961
    0.99985 0.000150212
   0.999949 5.06032e-05
   0.999875 0.000124518
   0.999936 6.35842e-05
   0.999869  0.00013126
   0.999952 4.75856e-05
   0.999953 4.68165e-05
   0.999977 2.32507e-05
   0.999916 8.37239e-05
   0.999991 9.37816e-06
    0.99995 4.96468e-05
   0.999897 0.000102676
    0.99998 1.98119e-05
   0.999866 0.000134346
   0.999891 0.000109301
    0.99998 2.01413e-05
   0.999961 3.90427e-05
   0.999932  6.7659e-05
   0.999994 5.59788e-06
   0.999999 8.55537e-07
   0.999996 4.03658e-06
   0.999987 1.33118e-05
   0.999997 2.77364e-06
   0.999992 7.76078e-06
          1 3.36931e-07
   0.999996 3.56959e-06
   0.999991 9.18875e-06
          1 1.51189e-07
   0.999997 2.53843e-06
          1 2.90484e-07
          1 1.34956e-07
          1 4.96737e-08
   0.999998 2.44226e-06
          1 5.75496e-08
   0.999999 6.29137e-07
   0.999999 6.24995e-07
          1 3.57314e-07
          1  2.8714e-08
          1 6.02433e-08
          1 3.26577e-07
          1 1.23083e-07
          1 2.61702e-08
          1 1.33205e-08
          1 2.92987e-09
          1 9.25466e-09
          1  1.3264e-10
          1 4.00905e-07
          1 1.77231e-08
          1 1.93786e-08
          1 1.39839e-07
          1 3.11461e-07
          1 7.12401e-08
          1 4.99023e-09
          1 1.45048e-09
          1 5.96352e-09
          1 7.33023e-09
          1 1.36989e-08
          1 9.19279e-09
          1 5.89917e-08
          1 3.70395e-09
          1 1.63993e-08
          1 1.25437e-08
          1 3.28854e-10
          1 7.93778e-08
          1 4.56497e-10
          1 1.26865e-10
          1 2.85411e-10
          1 1.11345e-08
          1  2.0722e-12
          1 5.14806e-08
          1  3.5763e-11
          1 2.11085e-10
          1  9.6814e-09
   0.999998 1.86095e-06
          1 1.22815e-07
          1 1.73886e-09
          1 2.79871e-12
          1 1.65246e-10
          1 1.36255e-09
          1 1.85987e-07
          1 4.73961e-09
          1 5.42989e-10
          1 2.84317e-13
          1 1.13051e-13
          1 8.21415e-09
          1 5.44874e-10
          1 5.77599e-11
          1  7.8578e-09
          1 2.37453e-11
          1  6.7433e-10
          1  2.9372e-11
          1 9.47016e-12
          1 4.97698e-11
          1 3.44304e-09
          1 5.55416e-10
          1 1.63307e-13
          1 2.24224e-12
          1 1.91144e-10
          1 2.50806e-12
          1 1.68676e-10
          1 3.97053e-11
          1 3.00901e-12
          1 2.94189e-11
          1 6.77101e-12
          1 7.68715e-13
          1  3.3404e-12
          1 2.36796e-11
          1 2.79103e-14
          1 1.63034e-10
          1 8.49056e-14
          1 2.30216e-13
          1 8.88776e-14
          1 1.76604e-11
          1 2.06145e-13
          1 2.98485e-09
          1 6.24388e-15
          1 1.48816e-15
          1 6.34493e-12
          1 6.45917e-10
          1  3.5391e-15
          1 5.78397e-15
          1 2.35763e-13
          1 1.16159e-14
          1 7.51147e-19
          1 7.16238e-14
          1 4.49113e-13
          1 8.41787e-15
          1 3.71059e-15
          1 7.68777e-13
          1 6.09839e-18
          1 2.22885e-16
