 1.82981e-07  2.64026e-08            1  6.25287e-26  2.18657e-43
 5.27581e-11  1.38063e-13            1  2.17674e-12  2.92746e-24
 7.88655e-08  7.33951e-09            1  3.33871e-24  7.19633e-41
  1.8442e-07   2.4474e-08            1   1.3954e-25  1.24244e-42
   3.546e-08  2.14935e-09            1  1.22246e-22  1.48872e-38
 1.99131e-09   2.9414e-11            1  6.53927e-18  6.93854e-32
 1.29053e-07  1.33292e-08            1  1.29228e-24  4.76639e-41
 9.62458e-10  9.29832e-12            1  9.88237e-17  5.05058e-30
   9.983e-09  2.93526e-10            1  2.85696e-20  6.43512e-35
 5.25618e-07  9.30723e-08     0.999999  1.31611e-26  1.96941e-43
 5.12965e-10  3.27829e-12            1  9.81883e-16  2.56918e-28
 1.46976e-09  1.54046e-11            1  3.18264e-17  2.32786e-30
 5.26765e-10  3.19538e-12            1  9.97565e-16  3.99546e-28
 7.99533e-07   1.5096e-07     0.999999  9.79226e-27  3.16424e-43
 1.68998e-09  1.71879e-11            1  2.65421e-17  3.35633e-30
 3.92792e-08  1.76226e-09            1  8.35858e-22  2.13911e-36
 1.00727e-09  7.40296e-12            1  1.66209e-16  6.96004e-29
 1.00533e-09  7.13488e-12            1  1.81855e-16  9.72361e-29
 3.77476e-07  4.35284e-08            1   7.0674e-25  2.74821e-40
 7.87679e-10  4.61888e-12            1   4.5335e-16  5.43382e-28
 4.37954e-09  5.80174e-11            1  2.60793e-18  4.30054e-31
 2.12111e-09  1.90047e-11            1  2.73901e-17  1.47167e-29
 3.62269e-10  1.29262e-12            1  5.55686e-15  3.74893e-26
 9.02141e-10  4.92315e-12            1   4.2581e-16  1.11594e-27
 2.27075e-08  5.79118e-10            1  3.09056e-20  1.96595e-33
 6.87518e-08  2.85921e-09            1  1.22736e-21  2.83217e-35
 5.87369e-11  7.13112e-14            1  9.92894e-13  1.73823e-22
 5.89273e-12  2.04683e-15            1   3.6273e-10  1.62376e-18
 7.89352e-11  1.03945e-13            1  4.75437e-13   8.6638e-23
 1.44345e-09  8.02381e-12            1  2.05806e-16  1.29623e-27
 3.92188e-10  1.09163e-12            1  7.69268e-15  2.96654e-25
 7.89928e-09  9.41809e-11            1  2.39863e-18  3.44227e-30
 1.00174e-09  4.15215e-12            1  7.63706e-16  1.53885e-26
 2.30272e-07  1.26724e-08            1  2.31869e-22  1.45788e-35
 3.36996e-10  7.47837e-13            1  1.54401e-14  1.79284e-24
 4.71577e-10  1.19464e-12            1  7.15138e-15  7.06542e-25
 1.10558e-10  1.28546e-13            1  2.77864e-13  1.87558e-22
  1.7289e-09   7.7862e-12            1  3.26634e-16  1.19034e-26
 1.31165e-09  4.95266e-12            1   7.3958e-16  4.67462e-26
 2.09002e-09  9.57474e-12            1  2.60693e-16  1.26128e-26
 6.38686e-09  4.88307e-11            1  1.81016e-17  3.39708e-28
 1.10306e-08  1.05921e-10            1  5.36028e-18  7.35507e-29
 1.72272e-08  1.97538e-10            1  2.07751e-18  2.34482e-29
  1.1042e-06  8.66544e-08     0.999999  4.82296e-23  1.25682e-35
 9.84385e-08   2.4067e-09            1  3.73306e-20  1.28417e-31
 4.24174e-10  6.88459e-13            1  2.27673e-14  2.56423e-23
 1.35652e-09  3.79696e-12            1   1.7814e-15  7.50252e-25
 2.80331e-11  1.03664e-14            1  9.64306e-12  3.15903e-19
 2.50832e-07  8.15387e-09            1  9.33377e-21  4.08717e-32
 3.95647e-08  5.13265e-10            1  1.07576e-18   3.4634e-29
 1.55388e-09  3.95364e-12            1  2.16832e-15  2.08199e-24
 2.25805e-09   6.6424e-12            1  1.08533e-15  9.17273e-25
 3.90804e-10  4.56574e-13            1   5.3268e-14  3.24751e-22
  2.6587e-11  7.46594e-15            1  1.33736e-11  1.58248e-18
 4.48171e-11  1.58355e-14            1  5.03007e-12  4.26723e-19
 1.42396e-10  8.75754e-14            1  5.46475e-13  1.78641e-20
 6.45506e-12  7.59009e-16            1   2.1314e-10  1.99473e-16
  3.9967e-11  1.17117e-14            1  7.34491e-12  1.30731e-18
 3.10091e-12  2.26901e-16            1  8.13564e-10  2.37605e-15
 1.19296e-10  5.64243e-14            1   1.0516e-12  9.76558e-20
 3.60472e-10  2.87269e-13            1   1.3886e-13  5.60918e-21
 2.43856e-12  1.37947e-16            1  1.24617e-09  8.10472e-15
 1.60437e-08  7.78584e-11            1  1.00032e-16  2.13681e-25
 7.49972e-07  2.20788e-08     0.999999  3.82697e-20  4.44018e-30
 1.10069e-09  1.29374e-12            1   2.6086e-14  9.47265e-22
  1.1026e-06  3.57284e-08     0.999999  2.88249e-20  4.31871e-30
 1.05534e-07  1.07309e-09            1  4.91491e-18  6.13782e-27
  4.2331e-10  2.68369e-13            1  2.14223e-13  3.59914e-20
 7.22433e-11  1.77009e-14            1  5.12678e-12  5.19682e-18
 2.15283e-09  2.83091e-12            1  1.47115e-14  9.59218e-22
 2.40149e-09  3.18706e-12            1  1.39199e-14  1.04706e-21
 2.21929e-10  8.43763e-14            1  9.90338e-13  7.07812e-19
 8.94103e-09   2.0821e-11            1  1.78527e-15  7.37582e-23
 3.11864e-09  4.10934e-12            1  1.35621e-14  1.66478e-21
 1.81554e-09  1.74193e-12            1  3.98029e-14  9.57213e-21
 9.55643e-10  6.33492e-13            1  1.33925e-13  6.82651e-20
 1.20632e-10   2.6582e-14            1    4.247e-12  1.49325e-17
  9.3552e-11  1.72521e-14            1  6.88144e-12  3.69575e-17
 1.44846e-10  3.18919e-14            1  3.82492e-12  1.76567e-17
 5.00946e-11  6.08341e-15            1   2.0808e-11  2.84656e-16
 2.66897e-11  2.22822e-15            1  5.62982e-11  1.59223e-15
 2.35897e-13   1.5316e-18            1  3.66871e-08  7.32808e-11
 2.38539e-12  5.08723e-17            1  1.78933e-09  5.67931e-13
 7.38017e-09  9.31134e-12            1  1.53311e-14  1.01359e-20
 1.54259e-09  8.46834e-13            1   2.0226e-13  5.39371e-19
 5.08376e-10  1.51525e-13            1  1.20024e-12  9.24272e-18
 2.42625e-08   4.7708e-11            1  3.92878e-15  2.24701e-21
 2.65524e-10  5.14932e-14            1  3.80758e-12  7.37791e-17
 2.43522e-09  1.38177e-12            1  1.78315e-13  8.35391e-19
 5.46381e-11  4.25365e-15            1  3.99035e-11  3.89854e-15
 1.52629e-12  1.73248e-17            1  3.88973e-09   7.6229e-12
  7.8338e-09  6.86905e-12            1   5.1296e-14   2.0854e-19
 5.95385e-10  1.35645e-13            1  2.18484e-12  6.79956e-17
 2.45928e-12  3.08908e-17            1  2.41887e-09  5.58356e-12
 1.79631e-11  6.09187e-16            1   2.3602e-10  1.43853e-13
  9.2555e-11  6.97673e-15            1  3.37099e-11  7.49685e-15
 2.88076e-08  3.74518e-11            1  1.88588e-14  1.02378e-19
 4.17906e-09  1.97306e-12            1  3.12288e-13   7.5577e-18
 4.55868e-10   6.6635e-14            1  6.23222e-12  8.37473e-16
 2.86209e-13  8.40065e-19            1  2.93627e-08  1.01943e-09
 4.59068e-09  1.94472e-12            1  4.32806e-13  1.91726e-17
 1.62461e-12  1.08308e-17            1  5.05535e-09  6.71187e-11
 6.49132e-10  9.21132e-14            1  6.45823e-12  1.58516e-15
 1.28894e-11  2.29791e-16            1  6.15628e-10  2.66076e-12
 5.80443e-15  1.58495e-21     0.999997  1.07513e-06  1.66462e-06
 5.63752e-10  6.34716e-14            1  1.08824e-11  5.47978e-15
  1.4891e-09  2.60297e-13            1  3.99817e-12  1.33494e-15
 9.76655e-08  1.30792e-10            1  2.92918e-14   9.7272e-19
 3.14868e-12  2.04784e-17            1  3.43286e-09  9.89311e-11
 6.51732e-11   1.9524e-15            1  1.73964e-10  7.93713e-13
 5.89376e-10  5.17931e-14            1  1.86277e-11  2.55798e-14
 5.02279e-08  3.90648e-11            1  1.39992e-13  1.69633e-17
 2.69734e-09  4.59735e-13            1  4.59451e-12  3.79266e-15
 4.98537e-14  2.70163e-20            1  1.51608e-07  1.81614e-07
 1.54681e-11  1.66636e-16            1  1.06061e-09   3.1601e-11
 6.95713e-10  5.04873e-14            1  2.82516e-11  9.72197e-14
 2.93894e-14  1.01385e-20     0.999999  2.25788e-07   6.1998e-07
 2.85138e-11   3.5705e-16            1  7.49358e-10  2.65071e-11
 4.92211e-05  7.41384e-07      0.99995  1.56296e-16  2.86166e-21
 5.04036e-11  7.57533e-16            1  5.24971e-10  1.90638e-11
 3.64313e-14  1.12742e-20     0.999999  1.89355e-07  8.23046e-07
 1.66208e-10  4.12754e-15            1  2.14705e-10  5.62381e-12
 2.32804e-12  5.90592e-18            1   8.6026e-09  3.52384e-09
 1.61048e-11  1.06363e-16            1  1.91106e-09  2.87907e-10
 8.77635e-11  1.31931e-15            1  4.99981e-10   3.3554e-11
  6.0659e-14  1.85534e-20     0.999999  1.34324e-07  8.95147e-07
 1.60241e-09  9.50555e-14            1   4.9214e-11  9.67438e-13
 5.45449e-13  4.80295e-19            1  3.08433e-08  7.13336e-08
 7.91761e-12  2.69586e-17            1  4.64672e-09  2.58855e-09
 3.34333e-15  1.68692e-22     0.999939  7.82688e-07  6.05132e-05
  1.8472e-13  7.65807e-20     0.999999  6.89941e-08  4.98392e-07
 5.91661e-13  4.29641e-19            1  3.32182e-08  1.40187e-07
   1.124e-14  9.18492e-22     0.999979  3.77269e-07  2.05591e-05
 8.69922e-15  5.83037e-22     0.999968  4.30827e-07  3.17391e-05
 1.59365e-13   4.8108e-20     0.999999  8.19863e-08  1.20677e-06
 5.47403e-15  2.53226e-22      0.99993  5.37836e-07  6.98088e-05
 2.18786e-13  6.93298e-20     0.999999  7.10448e-08   1.1856e-06
 2.36756e-12  2.49477e-18            1   1.7517e-08   8.9512e-08
 4.72718e-12  6.74199e-18            1  1.19918e-08  4.96275e-08
 4.20568e-09  1.87795e-13            1  1.20323e-10  1.88803e-11
 7.25108e-11  3.79928e-16            1  2.38502e-09  3.33111e-09
 1.15517e-09  2.36391e-14            1  3.97517e-10  1.69774e-10
 1.04454e-12  5.25631e-19     0.999999   3.5511e-08  6.39063e-07
  6.7017e-12  8.43291e-18            1  1.30193e-08  1.03535e-07
 5.34711e-13  1.66656e-19     0.999998  5.48552e-08  1.93859e-06
 5.99837e-13  1.86659e-19     0.999998  5.35413e-08  2.08059e-06
 1.89118e-14   8.7149e-22     0.999917  2.80351e-07   8.2345e-05
 9.38598e-12  1.09647e-17            1  1.37992e-08  1.80112e-07
 3.48726e-14  1.96917e-21     0.999939  2.17642e-07  6.07476e-05
 2.46541e-14  1.08468e-21     0.999901  2.53527e-07  9.83713e-05
 3.57016e-12  2.07644e-18     0.999999  2.72174e-08  9.37597e-07
 8.53746e-12  7.35945e-18     0.999999  1.86461e-08  4.93219e-07
 3.03459e-12  1.42557e-18     0.999998  3.27232e-08  1.68149e-06
 5.29369e-15  7.87372e-23     0.999305  4.52111e-07  0.000694175
 1.01298e-13  6.90055e-21     0.999942  1.52994e-07  5.79347e-05
 9.45979e-11  2.20492e-16            1  7.41766e-09  1.24688e-07
 3.81125e-12  1.55797e-18     0.999997  3.64145e-08  3.16275e-06
 4.11747e-12  1.64212e-18     0.999996  3.71615e-08   3.6447e-06
 3.52579e-15  2.82087e-23     0.998116  5.00099e-07     0.001884
 2.03216e-18  2.67621e-28     0.662599  1.62642e-06     0.337399
 4.31874e-10  1.05992e-15            1  6.29006e-09  1.44126e-07
 1.43137e-12  1.41454e-19     0.999972  7.96335e-08  2.81533e-05
  1.6473e-13  4.09079e-21     0.999787  1.79263e-07  0.000213226
 5.09485e-14   5.3479e-22     0.999321   2.6856e-07  0.000678834
 2.70056e-11  6.21964e-18     0.999994   3.4765e-08  6.06009e-06
 3.91857e-11  8.68617e-18     0.999994  3.35358e-08  6.11342e-06
 4.35346e-16  1.74785e-25     0.963336  8.11879e-07    0.0366632
 5.80972e-14   2.5646e-22     0.998496  3.00538e-07   0.00150375
  7.2517e-15  8.27132e-24     0.992117  4.89548e-07   0.00788231
 1.27079e-18  1.58505e-29     0.419103  5.81245e-07     0.580896
 6.62577e-11  6.01504e-18     0.999981  4.68532e-08  1.88401e-05
 3.79596e-14  5.21033e-23     0.995359  3.68704e-07   0.00464069
  2.0896e-07  7.49091e-13            1  2.65569e-09  7.66189e-08
 1.40343e-13  2.42347e-22     0.997027  2.98695e-07   0.00297279
 2.54112e-13  4.76064e-22     0.997492  2.73716e-07   0.00250748
 4.78839e-11  1.13453e-18     0.999899  8.26334e-08  0.000101115
 7.33052e-11  1.71567e-18       0.9999  8.01531e-08  0.000100398
 8.48266e-15  1.27305e-24     0.966486  4.80728e-07    0.0335139
 1.21056e-12  2.02515e-21     0.997732  2.35314e-07   0.00226791
 4.78601e-14  1.12835e-23     0.981969  3.96578e-07    0.0180308
  2.8638e-14  4.05711e-24     0.971825  4.19821e-07    0.0281745
 1.90425e-13  5.84522e-23     0.987855  3.43011e-07    0.0121448
 3.10643e-16  2.70107e-27     0.738994  4.16494e-07     0.261005
 7.21002e-25   1.1346e-39   0.00499096  7.14942e-10     0.995009
 4.51779e-19  1.40889e-31     0.184661  8.42052e-08     0.815339
 3.90647e-17  6.63846e-29     0.489565  2.40951e-07     0.510435
 4.19817e-21  1.19743e-34    0.0515887  1.38825e-08     0.948411
 1.74884e-22  1.02915e-36     0.022745  3.79663e-09     0.977255
 9.34529e-13  1.27059e-22     0.980242  3.27049e-07    0.0197576
 6.20814e-18  1.94881e-30     0.289901  1.03422e-07     0.710099
 4.43531e-14  7.59111e-25     0.900108  3.63123e-07    0.0998912
 2.66316e-16  2.91236e-28     0.541319  2.05019e-07     0.458681
 2.36346e-09  7.64099e-18     0.998951  1.49279e-07   0.00104872
 6.24934e-18  8.10646e-31     0.252165  6.74692e-08     0.747835
 4.01551e-19  1.24712e-32     0.136888  2.59343e-08     0.863112
 3.85001e-16  2.06693e-28     0.492324  1.55967e-07     0.507676
 4.33427e-17  6.85775e-30     0.328847  8.40449e-08     0.671152
 1.43882e-20  5.03166e-35    0.0659061  5.84308e-09     0.934094
  7.0499e-11  8.64296e-21     0.979354  3.16724e-07    0.0206461
 1.25283e-15   4.8334e-28     0.499019  1.41512e-07     0.500981
  5.2867e-07  4.13751e-15     0.999238  1.35275e-07   0.00076157
 7.64645e-15  4.48775e-27     0.579303  1.72837e-07     0.420697
  4.9949e-16  6.45052e-29     0.387521  8.73228e-08     0.612479
 9.50274e-12  1.25458e-22     0.900952  3.50102e-07     0.099048
 9.03246e-15  3.04942e-27     0.523398  1.46431e-07     0.476601
 1.97631e-15  2.73194e-28     0.414584  1.00841e-07     0.585416
  1.7365e-15  1.90714e-28      0.39063  9.40151e-08      0.60937
 9.05885e-07  2.10368e-15     0.995421  3.27487e-07   0.00457783
 4.11163e-14   1.4694e-26     0.522198  1.81477e-07     0.477802
 4.61755e-11  4.55162e-22     0.846434  4.96877e-07     0.153565
 1.88967e-07  1.11494e-16     0.982593  5.72281e-07    0.0174061
  6.8424e-16  2.05915e-29     0.282101  5.91706e-08     0.717899
 1.15058e-13  3.46633e-26     0.482583  2.05757e-07     0.517417
 9.95082e-21  8.43096e-37    0.0790948  1.29204e-09     0.920905
 6.87705e-18  1.28765e-32     0.152323   1.2349e-08     0.847677
 3.07839e-14  2.96543e-27     0.363114  1.38035e-07     0.636886
  3.8956e-15  1.15665e-28     0.279867  7.67957e-08     0.720133
 2.23876e-15  4.26514e-29      0.25394  6.28618e-08      0.74606
 2.37702e-16  1.24832e-30     0.198511  3.08067e-08     0.801489
 5.72446e-17  1.22315e-31     0.171783  1.87048e-08     0.828217
 1.96472e-16  6.52974e-31      0.18543  2.62365e-08      0.81457
  1.0738e-14  2.23871e-28     0.247066  8.21614e-08     0.752934
 6.61423e-12  2.80431e-24     0.398971  4.03614e-07     0.601028
 4.57464e-13  4.41947e-26     0.301415  2.07521e-07     0.698584
 3.12737e-12  6.66019e-25     0.329236  3.23005e-07     0.670764
 5.59283e-15  4.19283e-29     0.199777  5.69995e-08     0.800223
 4.39296e-13  2.54691e-26     0.251078  1.84733e-07     0.748922
 1.15541e-08  8.70373e-20     0.485622  1.66986e-06     0.514377
 1.31028e-17  2.26956e-33      0.15156  7.02257e-09      0.84844
 3.63843e-19  6.94946e-36     0.154879  1.81488e-09     0.845121
 3.55948e-11  9.92005e-24     0.251263  4.85057e-07     0.748737
 1.78265e-18  5.45076e-35      0.16077  2.90269e-09      0.83923
 6.56585e-15  1.53649e-29     0.157985  4.33835e-08     0.842015
 8.95097e-16  5.89639e-31     0.152346  2.21676e-08     0.847654
  1.6205e-11  1.63776e-24      0.17485  3.50091e-07     0.825149
  2.1199e-12  6.35995e-26     0.152649  1.99067e-07      0.84735
 1.09803e-14  1.63836e-29     0.140702   4.2278e-08     0.859298
 5.78506e-15  5.02805e-30     0.138692  3.31202e-08     0.861308
 7.34322e-19  2.86114e-36     0.219115  1.34419e-09     0.780885
 5.20618e-13  3.78998e-27     0.119069  1.15237e-07     0.880931
 5.42498e-16   6.8396e-32     0.148203  1.33217e-08     0.851797
 1.00223e-10  9.00961e-24     0.099791   4.2358e-07     0.900209
 2.83476e-11  1.11078e-24    0.0923198  2.97283e-07      0.90768
 6.34521e-13  2.59246e-27    0.0963966  1.03192e-07     0.903603
 5.12526e-14  4.16221e-29     0.106558  4.73925e-08     0.893442
 1.52044e-19  4.44166e-38     0.377042  4.21111e-10     0.622958
 2.86691e-09  7.51403e-22    0.0576976  7.63628e-07     0.942302
 4.88176e-15  5.51944e-31     0.125269  1.97677e-08     0.874731
 6.47864e-12  4.23323e-26    0.0636847  1.59292e-07     0.936315
 1.93283e-09  2.68646e-22    0.0415531  6.19723e-07     0.958446
 1.01306e-12  1.58328e-27     0.067461  8.83352e-08     0.932539
 2.44555e-15  7.92315e-32     0.140803  1.30094e-08     0.859197
 9.61025e-15  5.95501e-31     0.116733  1.96587e-08     0.883267
 1.02872e-12  9.43864e-28    0.0598072  7.86111e-08     0.940193
 3.41498e-08  1.18826e-20    0.0190442  9.35018e-07     0.980955
 1.66944e-18  2.11515e-37     0.495778  5.45829e-10     0.504222
 6.63832e-09    6.924e-22    0.0170682  6.12902e-07     0.982931
 1.62115e-07  9.24605e-20    0.0110829  1.12168e-06     0.988916
 9.35544e-12  1.36611e-26    0.0347495  1.18578e-07      0.96525
 3.66827e-10  4.37746e-24    0.0181139  2.85341e-07     0.981886
 7.13821e-11  2.63238e-25    0.0218979  1.85208e-07     0.978102
 5.30676e-09  2.37508e-22   0.00997714  4.80227e-07     0.990022
 1.54795e-12  3.39487e-28    0.0429594  6.21334e-08     0.957041
 2.15796e-12  4.85948e-28    0.0390159   6.5739e-08     0.960984
 2.79312e-12  6.15717e-28    0.0359263  6.80902e-08     0.964074
  2.6596e-13  9.73964e-30     0.064968  3.28728e-08     0.935032
 3.09219e-10  1.06431e-24    0.0108349  2.11723e-07     0.989165
  3.8315e-12  5.83337e-28    0.0312539  6.66282e-08     0.968746
 1.44273e-11  4.49255e-27     0.021177  9.20776e-08     0.978823
 4.27644e-14  1.81187e-31     0.121402  1.53898e-08     0.878598
  2.3297e-05  5.28484e-17  0.000695647  1.49893e-06      0.99928
 1.97607e-14  3.02999e-32      0.16927  1.06635e-08      0.83073
 3.45771e-09  2.20448e-23   0.00370614  2.94345e-07     0.996294
  8.5035e-11  3.55605e-26    0.0104908  1.22107e-07     0.989509
 2.28427e-09  7.93748e-24    0.0035457   2.5206e-07     0.996454
 6.66032e-10  8.28373e-25    0.0048757  1.86013e-07     0.995124
 6.19054e-08  1.49222e-21   0.00110524  4.55224e-07     0.998894
 3.30243e-10  1.74074e-25   0.00558798  1.48608e-07     0.994412
 4.39596e-06  1.38233e-18  0.000255663  8.60652e-07     0.999739
 1.24125e-11  3.84084e-28     0.019433  6.11504e-08     0.980567
 4.51109e-11  3.03653e-27     0.011248  8.33125e-08     0.988752
 3.71675e-07  1.48628e-20  0.000349842  5.28079e-07     0.999649
 1.05536e-11  1.50684e-28    0.0217636  5.31893e-08     0.978236
  2.7786e-11  6.85818e-28    0.0140209  6.70418e-08     0.985979
 7.57825e-08  6.28772e-22  0.000441288  3.66473e-07     0.999558
 2.50745e-09  1.38511e-24    0.0016914  1.83863e-07     0.998308
 2.18359e-10   1.4782e-26   0.00517101  1.03279e-07     0.994829
 5.22043e-09  3.52915e-24   0.00109113  2.02543e-07     0.998909
 1.50075e-05  3.15558e-18  3.51143e-05   7.2164e-07     0.999949
  6.1644e-09  3.30225e-24  0.000906778  1.98566e-07     0.999093
 9.64073e-08  3.69124e-22  0.000226181  3.22496e-07     0.999773
 8.81265e-09  4.35016e-24  0.000684301  2.02468e-07     0.999315
 5.11315e-07  5.13827e-21  8.49416e-05  4.08219e-07     0.999914
 8.08715e-06  5.69021e-19  2.10933e-05  6.36335e-07      0.99997
 5.47749e-06  2.50982e-19  2.18811e-05  6.42501e-07     0.999972
 1.95283e-07  5.73819e-22  0.000102701  4.22676e-07     0.999897
 1.54705e-05  1.19134e-18   1.0072e-05  8.21123e-07     0.999974
 9.30801e-06  4.23865e-19  1.11851e-05   8.2138e-07     0.999979
 4.82683e-07  1.80299e-21  4.79246e-05   5.8853e-07     0.999951
 3.03432e-06  4.28997e-20  1.55439e-05  8.09087e-07     0.999981
 9.77813e-09  9.33747e-25   0.00046911  3.44914e-07     0.999531
 4.49091e-10  2.10085e-27   0.00422159  1.89752e-07     0.995778
 6.99254e-06  1.24912e-19  6.74225e-06   1.0837e-06     0.999985
 8.14408e-09  3.55017e-25  0.000516407  4.07637e-07     0.999483
 6.43191e-09  1.82058e-25  0.000616865  4.16579e-07     0.999383
 1.86524e-08   1.1451e-24  0.000276577  5.48226e-07     0.999723
 5.95545e-06  5.11095e-20  4.63334e-06  1.38035e-06     0.999988
 6.49683e-07  6.83552e-22  1.90706e-05  1.11873e-06     0.999979
 1.14097e-08  2.31028e-25  0.000411031  6.16642e-07     0.999588
 7.73216e-08  7.88152e-24  8.67598e-05  9.32886e-07     0.999912
 2.25571e-06  4.32387e-21  6.14753e-06  1.61932e-06      0.99999
 9.55672e-06  5.69853e-20  1.93688e-06  2.03693e-06     0.999986
 0.000250076  2.25776e-17  1.70578e-07  2.84237e-06     0.999747
 1.84918e-05  1.46093e-19  9.54609e-07  2.49235e-06     0.999978
    0.167354  3.09272e-12  1.34704e-09  3.16338e-06     0.832643
  1.5739e-08  8.70577e-26  0.000385281  1.09135e-06     0.999614
 4.61095e-06  6.11612e-21   2.1702e-06  2.69593e-06     0.999991
 3.90475e-06  3.69777e-21  2.32813e-06  2.85145e-06     0.999991
 1.33432e-07  3.44815e-24  5.17458e-05  1.98308e-06     0.999946
 4.12834e-08   2.4216e-25  0.000176965  1.76374e-06     0.999821
 4.75746e-07  3.00723e-23   1.4763e-05  2.78336e-06     0.999982
 3.97591e-05  1.82401e-19  2.14305e-07  4.69599e-06     0.999955
 0.000312555  8.98957e-18  3.11524e-08  5.64818e-06     0.999682
 2.79568e-05  6.50209e-20  2.44513e-07  5.32051e-06     0.999966
  1.9927e-05  2.76637e-20   3.1188e-07  5.60367e-06     0.999974
 7.76052e-06   3.3675e-21  7.55716e-07  5.61601e-06     0.999986
 1.42717e-05  9.76301e-21  3.80864e-07  6.38685e-06     0.999979
 1.08682e-06  3.65301e-23  6.23761e-06  5.40211e-06     0.999987
 5.35857e-05  1.03433e-19  8.32935e-08  8.14417e-06     0.999938
 6.92178e-06  1.20722e-21   7.3539e-07  7.67457e-06     0.999985
 1.03074e-05   2.2897e-21  4.52614e-07  8.60334e-06     0.999981
   0.0014914  5.72098e-17  1.92331e-09  1.11557e-05     0.998497
 1.17909e-06  1.35612e-23  6.55397e-06  8.29316e-06     0.999984
 0.000825913  1.28462e-17  2.68161e-09  1.29654e-05     0.999161
  0.00430411      3.3e-16  3.98893e-10  1.36945e-05     0.995682
  0.00136532  2.70455e-17  1.18269e-09  1.50859e-05      0.99862
 1.58037e-05  1.65848e-21  2.37281e-07  1.47212e-05     0.999969
    0.444043  4.72453e-12  6.27856e-13  6.78428e-06     0.555951
 3.45769e-06  3.45838e-23  2.03839e-06  1.56729e-05     0.999979
   0.0136056  1.88129e-15  4.67399e-11  1.87146e-05     0.986376
   0.0015404  1.64358e-17  5.34902e-10  2.23325e-05     0.998437
 2.46456e-05  1.49183e-21  1.29485e-07  2.34987e-05     0.999952
  2.0112e-07  1.22104e-26  0.000358421  1.58407e-05     0.999626
 2.58609e-06  4.62758e-24  4.97233e-06   2.4162e-05     0.999968
 0.000159397  5.45947e-20  8.21763e-09  3.23238e-05     0.999808
    0.125038  1.10969e-13  8.12651e-13  2.11009e-05      0.87494
  0.00169275  7.67288e-18  2.41677e-10  3.67148e-05     0.998271
 0.000222459  6.33076e-20   4.5677e-09  4.24865e-05     0.999735
  3.4742e-06  2.17629e-24  5.97373e-06  4.01302e-05      0.99995
 8.07635e-05  3.73678e-21  2.37589e-08  5.13778e-05     0.999868
 0.000561047  2.95267e-19  9.64258e-10  5.50066e-05     0.999384
    0.430526  1.38644e-12  1.57511e-14  1.65445e-05     0.569458
    0.628076  4.61926e-12  2.82613e-15  1.00962e-05     0.371913
  6.9893e-05  9.67503e-22  3.80898e-08  7.62579e-05     0.999854
 0.000633703   1.7204e-19  7.06772e-10  8.01453e-05     0.999286
  0.00405071  1.19706e-17  2.76472e-11  7.71075e-05     0.995872
 9.38713e-05  9.14889e-22  2.77725e-08  0.000103759     0.999802
  0.00825439  4.58049e-17  6.86201e-12  8.58529e-05      0.99166
 0.000643416  7.31194e-20   6.9392e-10  0.000119379     0.999237
  0.00690252  2.09403e-17  7.88122e-12  0.000105787     0.992992
   0.0162281  1.40617e-16  1.51904e-12  0.000103029     0.983669
  0.00473847  5.68147e-18  1.39999e-11  0.000134539     0.995127
 0.000278782  3.00772e-21  5.09998e-09  0.000191182      0.99953
 0.000975541   6.3988e-20  3.50347e-10   0.00019549     0.998829
    0.239786  7.02399e-14  3.59313e-15  6.70753e-05     0.760147
    0.998963  5.58963e-09  1.93424e-23  1.08462e-08   0.00103718
    0.949541  4.88263e-11  1.76414e-19  1.83541e-06    0.0504571
   0.0374121  3.51107e-16  1.39382e-13  0.000169495     0.962418
  0.00273527  2.90374e-19  4.34912e-11  0.000300946     0.996964
  0.00679218  2.68084e-18  5.35634e-12  0.000292238     0.992916
   0.0328775  1.47367e-16  1.40701e-13  0.000235217     0.966887
    0.969889   7.7693e-11  7.90129e-21  1.22593e-06    0.0301094
   0.0208279  2.91906e-17  3.64776e-13  0.000323002     0.978849
    0.996834  1.40721e-09  9.29425e-24  6.35355e-08   0.00316597
    0.988682  2.62152e-10   1.8259e-22  3.80371e-07     0.011318
   0.0115637    2.886e-18   1.5952e-12  0.000515186     0.987921
    0.999428   1.2115e-08  2.84212e-26  6.39374e-09  0.000571578
    0.807399  2.51882e-12     3.26e-19  2.30068e-05     0.192578
      0.2054  6.65784e-15  5.01967e-16  0.000257618     0.794342
    0.129144  1.35261e-15  1.90791e-15  0.000369781     0.870486
    0.996636  1.20941e-09  5.45413e-25  9.02303e-08   0.00336348
    0.904654  7.29968e-12  9.35112e-21  1.12601e-05    0.0953346
    0.135929  9.90657e-16  1.27202e-15  0.000496318     0.863575
  0.00253376  2.42252e-21  6.70807e-10   0.00197513     0.995491
    0.470273  6.44734e-14  6.50786e-18   0.00020239     0.529525
    0.639874  2.77734e-13  6.27528e-19  0.000114977     0.360011
    0.898479  5.83169e-12  2.68629e-21  1.78078e-05     0.101504
  0.00687806  2.00772e-20  5.52287e-11   0.00276331     0.990359
    0.997385  2.54082e-09  7.52305e-27  8.40379e-08   0.00261475
    0.995776  1.28785e-09  2.16778e-26  1.81125e-07   0.00422431
    0.965738  4.17484e-11  1.58381e-23  4.61238e-06    0.0342579
    0.374168  1.15682e-14  9.54098e-18  0.000584017     0.625248
    0.999947   1.0329e-06  7.09685e-33   1.9593e-10  5.14763e-05
    0.228356  1.14724e-15   1.0945e-16   0.00125417     0.770389
    0.926014  8.99062e-12  8.11929e-23  2.03659e-05    0.0739655
    0.409261  1.01256e-14  4.17768e-18  0.000816926     0.589923
    0.487466  2.13236e-14  1.13561e-18  0.000678384     0.511856
    0.132061  5.71388e-17   2.0641e-15   0.00330638     0.864633
     0.91929  6.53631e-12  3.86396e-23  3.25734e-05    0.0806776
    0.994662  1.39309e-09  6.08946e-28  4.05141e-07   0.00533737
    0.735506  2.25162e-13  8.86555e-21  0.000301935     0.264192
    0.669611  8.78143e-14  3.13417e-20  0.000512023     0.329877
    0.928613  7.42616e-12  7.78577e-24  3.74996e-05    0.0713497
     0.98729  3.08444e-10   3.3348e-27  2.13836e-06    0.0127082
    0.435696  2.96092e-15  2.66295e-18   0.00236466      0.56194
    0.785007  2.67254e-13  1.36647e-21   0.00036189     0.214631
    0.931597  6.87643e-12  2.30991e-24  5.00217e-05    0.0683531
    0.997783  1.15382e-08  4.95219e-31  1.22777e-07   0.00221722
    0.962945   2.9283e-11  6.72942e-26  1.98806e-05    0.0370349
    0.810288   2.5496e-13  4.13553e-22  0.000459129     0.189253
    0.990238  6.41782e-10  6.63144e-29  2.03006e-06   0.00975954
    0.976946  8.83134e-11  2.61062e-27  1.06035e-05    0.0230437
    0.982042  1.61628e-10  5.44271e-28  7.16159e-06    0.0179506
    0.700842  1.90692e-14  1.19578e-20   0.00204921     0.297109
     0.98188  1.58356e-10  2.82221e-28  8.43552e-06     0.018112
    0.887313  7.38291e-13  7.91048e-24  0.000341651     0.112345
    0.926442  2.76579e-12  4.41508e-25  0.000161271    0.0733971
    0.835799  1.29274e-13  1.08886e-22  0.000992494     0.163209
    0.609719   9.3803e-16  5.47771e-19    0.0091397     0.381141
    0.991111  1.05652e-09  1.02661e-30  2.88138e-06   0.00888603
    0.963122  1.82595e-11  2.65443e-27   5.9647e-05    0.0368181
    0.959049  1.21831e-11  4.19185e-27   8.2947e-05    0.0408681
     0.94779  4.86895e-12  1.82583e-26   0.00015813    0.0520521
    0.976768  6.82589e-11   6.5565e-29  2.96012e-05     0.023202
    0.961845  1.22591e-11   1.4474e-27  9.91392e-05    0.0380556
    0.784527  3.73328e-15  6.37986e-21   0.00756211      0.20791
     0.98312   1.7642e-10  3.32296e-30  1.89595e-05    0.0168606
    0.980506  1.06252e-10  6.51643e-30  2.89421e-05     0.019465
    0.993754  4.13922e-09  2.58213e-33  2.21374e-06   0.00624387
    0.809708  1.57796e-15  9.39171e-21    0.0126368     0.177656
    0.942941  1.07645e-12  2.22541e-26  0.000590483    0.0564688
    0.949367    1.562e-12  7.50049e-27  0.000505087    0.0501283
    0.993872   5.5037e-09   3.4522e-34  2.58505e-06   0.00612562
    0.961838  4.20342e-12  5.15874e-28  0.000320799    0.0378415
      0.7484  1.05199e-17  2.66973e-17    0.0796399      0.17196
    0.980971  7.90013e-11  8.35325e-31  6.18275e-05    0.0189667
    0.987619  4.66052e-10   1.7601e-32  2.09801e-05    0.0123601
    0.861952  2.83636e-16  2.94001e-20    0.0305465     0.107501
    0.985151  1.99986e-10  5.98584e-32  4.25106e-05    0.0148061
    0.996069  4.53964e-08  6.72464e-37  1.05549e-06   0.00392984
    0.994987  2.00718e-08  2.83207e-36  2.14762e-06   0.00501116
     0.95226  1.25476e-13  7.80993e-26   0.00290732    0.0448324
    0.973097  4.82889e-12  4.12171e-29  0.000490564    0.0264127
    0.964164  4.79964e-13  3.29713e-27   0.00167657    0.0341594
    0.974555  4.21136e-12  3.29199e-29  0.000589393    0.0248552
    0.941536    3.986e-15  2.70548e-23    0.0141369    0.0443268
    0.969608  5.40348e-13  1.23365e-27   0.00181616     0.028576
    0.968356  2.47514e-13  4.58485e-27   0.00272455    0.0289195
    0.987929   3.3056e-10  1.71698e-33  6.62083e-05    0.0120049
    0.970598  1.87023e-13    4.867e-27   0.00335352    0.0260481
    0.966519   3.8024e-14  9.78746e-26   0.00690254    0.0265789
    0.974776   3.3466e-13  1.12214e-27   0.00294994     0.022274
    0.987727  2.22855e-10  1.92813e-33  0.000123459    0.0121493
    0.990605  1.77042e-09  2.44555e-35  4.13614e-05   0.00935361
    0.974749  9.96015e-14  8.64863e-27   0.00596657    0.0192842
    0.900347  1.98679e-17  1.32225e-19    0.0855171    0.0141361
    0.969938  1.54465e-14  2.72276e-25    0.0133644    0.0166973
    0.990153  1.14657e-09  3.55862e-35  8.55764e-05   0.00976156
    0.980689  2.93788e-13  5.91876e-28     0.004988    0.0143231
    0.986075  8.65342e-12   5.7234e-31   0.00126834    0.0126568
    0.986526  8.52997e-12  5.16711e-31   0.00138719    0.0120869
    0.962709  3.12002e-15  3.29527e-24    0.0275436   0.00974731
    0.988309  2.90023e-11  3.32674e-32  0.000941659    0.0107498
    0.992114  1.34688e-08  1.03034e-37  4.31511e-05   0.00784235
    0.984698  5.18189e-13  8.55783e-29   0.00587967   0.00942243
     0.98982  7.76055e-11   3.0236e-33  0.000783051   0.00939662
    0.989057    1.095e-11  1.40301e-31    0.0020253   0.00891766
    0.985739  6.13957e-13  4.05745e-29   0.00667013   0.00759121
    0.988997  5.09585e-12  5.01925e-31   0.00322211   0.00778082
    0.987625  1.48504e-12  5.24315e-30   0.00551001   0.00686537
     0.99059  2.21692e-11  1.95685e-32   0.00208494   0.00732504
    0.956604  2.53267e-15  1.23813e-24    0.0402845   0.00311111
    0.992122  2.52825e-09  9.59747e-37  0.000301225   0.00757689
    0.991575   4.6197e-11  2.92846e-33   0.00197727   0.00644774
    0.994229  4.95502e-05  9.25041e-46  1.31902e-06   0.00572022
    0.973634  3.99819e-14  3.06493e-27    0.0235031   0.00286287
    0.973755  4.60307e-14  2.00961e-27    0.0236186   0.00262673
     0.99257  8.34091e-08  3.64772e-40  9.23529e-05    0.0073379
    0.991918  3.28831e-11  2.90798e-33   0.00336946   0.00471223
    0.992831  1.36882e-10  1.40145e-34   0.00212544    0.0050434
    0.993126  8.00566e-09  3.00009e-38  0.000415195   0.00645912
     0.99338  4.86856e-10  8.00188e-36   0.00153322   0.00508702
    0.993307  2.66277e-10  2.37332e-35   0.00212476   0.00456867
    0.993038  1.43208e-10  7.26093e-35   0.00292003   0.00404209
    0.964622   3.4659e-14  1.09517e-27    0.0343473   0.00103053
    0.992443  7.85664e-11  1.84195e-34   0.00424303   0.00331367
    0.990421  2.14738e-11  2.19285e-33   0.00700986   0.00256916
    0.983019  1.76206e-12  2.87086e-31    0.0154191   0.00156192
    0.984051  2.80255e-12  9.78786e-32    0.0144025   0.00154675
    0.978275   8.4458e-13   9.2585e-31    0.0206078    0.0011168
    0.994204  8.43331e-09  6.53739e-39    0.0011574   0.00463873
    0.983204  3.99123e-12  3.08784e-32    0.0155456   0.00125021
     0.99091  8.27308e-11  5.97717e-35   0.00705201   0.00203802
    0.983724  6.94693e-12  7.54069e-33    0.0151153    0.0011603
    0.994164  4.04377e-08  1.46903e-40  0.000932358   0.00490365
    0.934024  4.16366e-15   1.3292e-26    0.0658267  0.000149375
    0.959875  1.49576e-13  9.92685e-30    0.0397814   0.00034348
    0.991166  2.80644e-10  2.39867e-36   0.00706001   0.00177367
    0.976885   4.1738e-12   9.7798e-33    0.0224809  0.000633809
    0.972182  2.10236e-12  3.29218e-32    0.0273374  0.000480339
    0.993063  2.23024e-09  2.27325e-38   0.00473558   0.00220128
    0.953482  1.71797e-13  3.46664e-30    0.0463262   0.00019185
    0.929556  7.64481e-15  1.35786e-27     0.070379  6.51674e-05
     0.91791  1.53308e-15  2.71081e-26    0.0820566  3.31949e-05
    0.931537  1.51045e-14  2.59887e-28    0.0684023  6.06051e-05
    0.958965  9.89023e-13  5.75884e-32    0.0408391  0.000195906
    0.982233  1.07489e-10  4.20399e-36    0.0170973  0.000669684
     0.96879  8.30458e-12  6.07622e-34    0.0309169  0.000293387
    0.955561  1.26883e-12  2.17692e-32    0.0442923  0.000146902
    0.991318  7.39383e-09  5.02808e-40   0.00708676   0.00159535
    0.966411  1.24855e-11  1.66863e-34    0.0333506  0.000238497
    0.915744   4.7414e-15  8.29783e-28    0.0842421  1.40019e-05
    0.943402  6.18714e-13  4.73515e-32    0.0565283  6.96386e-05
    0.990042  1.26071e-08  9.10329e-41   0.00856739   0.00139011
    0.991834  5.22203e-08  4.28599e-42   0.00624642   0.00191979
    0.946344  2.31961e-12  2.11046e-33    0.0535808   7.4994e-05
    0.907086  1.32868e-16  4.26114e-25    0.0929127  1.44234e-06
    0.926787  2.11141e-13  1.74798e-31    0.0731898  2.36528e-05
    0.909551  6.54577e-15  1.41389e-28    0.0904439  5.13034e-06
     0.98209  5.29688e-09  2.03981e-40    0.0172383  0.000671551
    0.970146  5.41426e-10  1.72721e-38    0.0295677  0.000285931
    0.992276  4.77733e-06  1.33731e-46   0.00311414   0.00460486
     0.94454  1.81141e-11  1.10704e-35    0.0553933  6.63832e-05
    0.953744  1.02247e-10  2.96209e-37    0.0461425  0.000113492
    0.936058  1.08263e-11  2.19894e-35    0.0638995  4.21928e-05
    0.984176  8.01723e-08  3.09012e-43    0.0148074   0.00101666
    0.913603  5.86098e-13  5.11239e-33    0.0863876   9.6212e-06
    0.976377  2.28327e-08  2.85003e-42    0.0230665  0.000556329
    0.981494  1.14357e-07  9.16192e-44    0.0175939  0.000912156
     0.90052  6.76259e-14  2.22406e-31     0.099478  2.32813e-06
    0.910645  2.30446e-12  1.69854e-34    0.0893456   9.6938e-06
    0.960812  6.45056e-09  1.86483e-41    0.0389507  0.000237244
    0.896973  1.80401e-13  1.89656e-32     0.103025  2.24983e-06
    0.927464  1.39698e-10  2.84723e-38    0.0724977  3.87512e-05
    0.900048  3.01528e-15  4.64012e-29    0.0999517  2.21244e-07
    0.893583  7.76098e-13  6.18682e-34     0.106414  2.77342e-06
    0.962732  6.98372e-08  6.44083e-44    0.0368871  0.000381074
    0.944822  8.64583e-09  3.64278e-42    0.0550344  0.000143855
    0.885906  1.78233e-13  6.86891e-33     0.114094  8.34846e-07
    0.917679  7.29585e-10  3.60349e-40    0.0822825  3.82444e-05
    0.881721   3.0074e-13  1.70282e-33     0.118278  7.76773e-07
    0.905086  4.21653e-10  7.48941e-40    0.0948911  2.30301e-05
    0.878864   1.8575e-13  3.13824e-33     0.121136   4.3277e-07
    0.874846  4.15415e-12  5.25485e-36     0.125152  1.80559e-06
     0.87401  2.98916e-13   8.5022e-34     0.125989  3.93794e-07
     0.88919  1.26302e-14  4.06634e-31      0.11081   6.0198e-08
    0.877506  2.09309e-10   1.2025e-39     0.122485  8.36587e-06
    0.920085  3.72515e-16  3.36737e-28     0.079915  5.57078e-09
    0.892498  7.83363e-15  6.31344e-31     0.107502  2.60054e-08
    0.863714  2.55236e-10  4.59538e-40      0.13628  6.06885e-06
    0.873317   7.0434e-14  5.35816e-33     0.126683  6.15691e-08
    0.854286  1.08078e-12  1.82715e-35     0.145714  2.37168e-07
    0.846758  1.91596e-10  4.59846e-40     0.153238  3.38349e-06
    0.870314  1.69402e-08  4.82602e-44     0.129655  3.10486e-05
    0.851202  6.11165e-13  3.34074e-35     0.148798  1.01706e-07
    0.829749  1.19477e-10  6.64516e-40     0.170249  1.66947e-06
     0.85058  4.25027e-13   4.8397e-35      0.14942  5.75025e-08
     0.81977  2.98241e-10  7.14457e-41     0.180228  2.04565e-06
    0.838781   1.0194e-12  5.69388e-36     0.161219  6.69186e-08
    0.808633  9.27975e-11  5.06399e-40     0.191366  7.76283e-07
    0.816165  1.49592e-08  1.50952e-44     0.183823  1.17199e-05
    0.820458  3.23176e-12  3.12024e-37     0.179542  7.77192e-08
    0.907222  3.50276e-15  2.76113e-31    0.0927777  9.34175e-10
    0.781495  1.10338e-09  1.52826e-42     0.218503  1.73934e-06
    0.793927  1.80906e-11   5.2559e-39     0.206073  1.29596e-07
    0.869879   6.1094e-05  3.14344e-52     0.129449  0.000610582
    0.758456  2.20095e-09  2.02464e-43     0.241542  1.65497e-06
    0.753526  6.08669e-10  2.22504e-42     0.246474  6.57637e-07
    0.746284  6.18665e-10  1.74683e-42     0.253716  5.66254e-07
    0.733041  1.33332e-08  2.77672e-45     0.266955  3.09141e-06
    0.784194  6.94915e-12  1.16564e-38     0.215806  2.46251e-08
    0.871914  4.73935e-14  2.76268e-34     0.128086   7.7815e-10
    0.770427  1.08574e-11  3.14175e-39     0.229573  2.27241e-08
    0.696646  3.73275e-09  1.52056e-44     0.303354  7.73266e-07
    0.826503  4.79576e-13  1.36406e-36     0.173497  1.99096e-09
    0.901296  1.05069e-14  2.88955e-33    0.0987041  1.18049e-10
    0.741317  2.39523e-11  2.75197e-40     0.258683  1.82717e-08
    0.777067    3.852e-12  1.02136e-38     0.222933  4.47853e-09
    0.924097  3.16948e-15  1.90534e-32    0.0759027  2.57811e-11
    0.680801  2.56128e-10  1.04889e-42     0.319199  5.08997e-08
    0.609182  5.91871e-08  1.03729e-47     0.390817  1.49922e-06
    0.655904  4.76365e-10   1.8545e-43     0.344096   5.4072e-08
    0.852069  1.46395e-13   3.5763e-36     0.147931  1.66945e-10
    0.795285  1.30418e-12   3.1054e-38     0.204715  6.42732e-10
    0.864124  9.26151e-14  6.35358e-36     0.135876  7.78618e-11
    0.579625  5.16887e-09  4.92596e-46     0.420374  1.34227e-07
    0.738485  7.88418e-12  3.89144e-40     0.261515  1.25741e-09
    0.520165  7.79735e-08  9.98598e-49     0.479834  5.99923e-07
    0.628759  2.27543e-10  1.94188e-43     0.371241  9.19371e-09
    0.666114  5.76395e-11  3.01126e-42     0.333886  2.87881e-09
    0.745068  5.14628e-12  4.38586e-40     0.254932  4.11539e-10
    0.894726  3.36052e-14  1.38901e-35     0.105274  7.59882e-12
    0.747479  4.46049e-12  4.01973e-40     0.252521  2.44973e-10
    0.408531  3.33604e-06  7.36597e-53     0.591462  3.01318e-06
    0.582333  3.28873e-10  2.34318e-44     0.417667  3.86027e-09
    0.558346   5.4771e-10  6.10644e-45     0.441654    4.624e-09
    0.785377  1.49683e-12  1.90411e-39     0.214623  4.58907e-11
    0.399569  8.54018e-08  5.59903e-50     0.600431  1.22134e-07
    0.963618  8.83331e-16  5.90267e-33    0.0363821  7.75171e-14
    0.794934   1.1817e-12  1.76526e-39     0.205066  1.97877e-11
    0.422254  1.03606e-08   2.6616e-48     0.577746  1.56441e-08
    0.507208  7.88632e-10  6.87645e-46     0.492792   1.9156e-09
    0.905839  3.86612e-14  1.28911e-36    0.0941614  6.39106e-13
    0.800624  1.08427e-12  9.77938e-40     0.199376  7.55608e-12
    0.555132   1.9279e-10  8.51931e-45     0.444868  3.60928e-10
    0.271112  7.35705e-07  4.61407e-53     0.728887  1.49081e-07
    0.636331  3.46345e-11  2.70373e-43     0.363669  6.20898e-11
    0.457587  1.08217e-09  8.22638e-47     0.542413  7.50831e-10
    0.983569  1.96548e-16  1.67369e-32    0.0164311  1.58354e-15
    0.277656  9.40841e-08  1.47909e-51     0.722344  1.58037e-08
    0.768828  2.53816e-12  3.97735e-41     0.231172  3.07769e-12
    0.711945  7.81871e-12   2.7448e-42     0.288055   6.2266e-12
    0.454689  6.81152e-10  7.59244e-47     0.545311  1.89791e-10
     0.27986  3.04151e-08  6.95728e-51      0.72014  3.14032e-09
     0.67827  1.42227e-11  4.18441e-43      0.32173  5.21251e-12
    0.486213   3.1661e-10  2.60175e-46     0.513787   5.4573e-11
    0.133997   1.0904e-05  2.86689e-57     0.865992  1.76486e-07
    0.633726  2.89805e-11  4.93356e-44     0.366274  4.82604e-12
    0.963436  5.18199e-15  4.02142e-36    0.0365637  1.98659e-15
    0.236538  3.25706e-08  1.31839e-51     0.763462  1.04202e-09
    0.559253  8.53543e-11  2.33211e-45     0.440747  6.15844e-12
    0.965143  5.80015e-15   1.9249e-36    0.0348575  9.89922e-16
    0.251921  1.38686e-08  5.35696e-51     0.748079  2.85894e-10
    0.167348  1.38647e-07  1.23961e-53     0.832652  1.55457e-09
    0.174572  8.81716e-08  2.96808e-53     0.825428  8.82779e-10
    0.987001  5.77506e-16  9.61413e-35    0.0129987  3.89736e-17
     0.47303  2.49918e-10  5.78132e-47      0.52697  4.05821e-12
    0.433022  4.19368e-10  1.31734e-47     0.566978  5.09462e-12
    0.894791  2.64081e-13  2.36188e-40     0.105209  5.26853e-15
    0.269782  4.74243e-09  1.69919e-50     0.730218  2.70017e-11
   0.0602634   1.3645e-05   1.4561e-59     0.939723  1.84491e-08
     0.99129  3.86984e-16  7.39348e-35   0.00870992  4.82614e-18
   0.0621295  5.48929e-06  7.23484e-59     0.937865  6.00002e-09
     0.20426  1.26068e-08  5.04863e-52      0.79574  2.69465e-11
    0.569726  7.03299e-11  3.11449e-46     0.430274  2.06245e-13
   0.0395254  3.30091e-05  2.76145e-61     0.960442  1.73403e-08
    0.661563  2.38584e-11  2.95443e-45     0.338437  5.56176e-14
    0.121097  7.76833e-08  1.29494e-54     0.878903   7.5236e-11
   0.0487139  3.88957e-06  2.41965e-59     0.951282  2.07238e-09
   0.0377827  1.10484e-05   1.1116e-60     0.962206  4.63958e-09
     0.17634  1.35173e-08  8.06046e-53      0.82366  1.07694e-11
    0.106331  8.30026e-08  3.73059e-55     0.893669  4.90631e-11
    0.217043  5.58439e-09  6.24053e-52     0.782957  3.65957e-12
    0.023617  3.95617e-05  9.59516e-63     0.976343  9.58816e-09
    0.276346  2.13289e-09  6.22767e-51     0.723654  1.12404e-12
    0.151614  1.69596e-08  1.30623e-53     0.848386  6.82342e-12
   0.0919484  8.55414e-08  9.13745e-56     0.908052  2.69369e-11
    0.611411  5.59052e-11  5.75726e-47     0.388589  2.12215e-14
   0.0229787  1.14783e-05  4.48846e-62      0.97701  1.91484e-09
   0.0231334  8.92153e-06  6.38582e-62     0.976858    1.368e-09
    0.020259  1.24129e-05  1.81125e-62     0.979729  1.66422e-09
   0.0549263  2.87934e-07  6.57851e-58     0.945073   4.4507e-11
   0.0984587  4.38408e-08  1.44095e-55     0.901541  6.48787e-12
   0.0346973  1.01988e-06   8.6829e-60     0.965302  1.15021e-10
   0.0366702  7.52142e-07  1.58397e-59     0.963329  7.61945e-11
    0.335183  9.72269e-10  7.05375e-51     0.664817  9.82017e-14
    0.100409  3.33912e-08   1.2585e-55     0.899591  2.85202e-12
  0.00850816  8.44462e-05  7.06295e-66     0.991407  4.76792e-09
   0.0133976  1.20114e-05  1.25913e-63      0.98659  6.71602e-10
    0.866155  3.24201e-12  5.02706e-45     0.133845  1.38715e-16
    0.896779  1.76192e-12  1.54832e-44     0.103221  6.03536e-17
   0.0127878  8.42889e-06   1.2846e-63     0.987204  3.38022e-10
   0.0514436  1.42229e-07  2.88516e-58     0.948556  5.19906e-12
  0.00429831  0.000284778  2.38263e-68     0.995417  8.25542e-09
   0.0559992  1.02656e-07  4.93323e-58     0.944001  2.81407e-12
   0.0253197  7.15314e-07  7.24027e-61      0.97468  1.76714e-11
  0.00852212  1.38862e-05    5.261e-65     0.991464  3.07373e-10
   0.0774148  4.20432e-08  4.48802e-57     0.922585  7.18565e-13
   0.0291872  3.96452e-07   2.0783e-60     0.970812  6.41633e-12
     0.12431  1.37065e-08  1.22005e-55      0.87569   1.6105e-13
  0.00177176   0.00140176  1.60696e-71     0.996826   1.9536e-08
   0.0862693  2.98678e-08  5.73616e-57     0.913731  2.69639e-13
   0.0526622   8.4486e-08  1.30677e-58     0.947338  7.03862e-13
    0.649251  9.97251e-11  1.55318e-49     0.350749  3.77697e-16
   0.0249007  3.95424e-07  4.05843e-61     0.975099  2.72725e-12
   0.0201091  5.98976e-07  7.54201e-62      0.97989  3.68316e-12
 0.000395098    0.0798798   1.2273e-77     0.919724  6.27301e-07
 5.84129e-05     0.727654  2.87696e-82     0.272283  5.08154e-06
   0.0505531  7.76992e-08  4.24045e-59     0.949447   2.5254e-13
   0.0427723   1.0533e-07  1.13759e-59     0.957228  3.02125e-13
  0.00163263  0.000191365  1.08922e-70     0.998176  8.84353e-10
   0.0561418  6.00058e-08  5.42453e-59     0.943858  1.16525e-13
   0.0251171  2.70572e-07  1.87016e-61     0.974883  5.41888e-13
    0.899586  7.23999e-12  1.05453e-47     0.100414  2.67772e-18
  0.00808243  2.38075e-06  4.94588e-65     0.991915   4.5739e-12
   0.0242556  2.61884e-07  9.90694e-62     0.975744  3.26231e-13
  0.00113826  0.000192265  1.10631e-71     0.998669  4.39628e-10
  0.00409312  8.03344e-06  2.91531e-67     0.995899  1.16514e-11
   0.0123415  8.25075e-07  6.90049e-64     0.987658  7.60528e-13
  0.00252702  1.91739e-05   7.6808e-69     0.997454  2.35095e-11
   0.0343958  1.26902e-07  4.51474e-61     0.965604  6.20287e-14
  0.00419817  5.59256e-06  2.95541e-67     0.995796  4.38225e-12
  0.00141164  5.13745e-05  9.59234e-71     0.998537  4.78556e-11
  0.00245705  1.41909e-05  5.83687e-69     0.997529   9.6116e-12
   0.0443346  8.12338e-08  1.06208e-60     0.955665  1.82192e-14
 0.000257061   0.00220858  1.30884e-76     0.997534  2.26879e-09
   0.0486903  7.00966e-08  1.26113e-60      0.95131  1.06535e-14
 0.000213958   0.00248139  3.93125e-77     0.997305  2.06125e-09
  0.00138499  2.96864e-05  8.24572e-71     0.998585   1.1224e-11
   0.0110941  6.87724e-07   7.7707e-65     0.988905  1.05025e-13
  0.00461249  2.83559e-06  2.51223e-67     0.995385   5.0362e-13
  0.00152311  1.94246e-05  1.41607e-70     0.998457  4.41432e-12
  0.00395649  3.37002e-06  7.36673e-68      0.99604  4.53067e-13
 0.000138455   0.00260042  2.79498e-78     0.997261   1.0862e-09
  0.00448296  2.53566e-06  1.26782e-67     0.995515  2.31102e-13
   0.0140003  4.35093e-07  1.14767e-64     0.985999  2.11307e-14
 0.000249042  0.000444412  3.40933e-76     0.999307  9.36191e-11
  0.00527588  1.78885e-06  2.25892e-67     0.994722  9.06394e-14
 0.000674234  5.17165e-05  3.80703e-73     0.999274  5.22167e-12
  0.00477025  1.97584e-06  8.96301e-68     0.995228  7.33615e-14
 0.000368549  0.000133508  5.75975e-75     0.999498  1.26142e-11
 0.000120856   0.00109014  2.11722e-78     0.998789   1.4421e-10
  0.00133075  1.26748e-05  2.28641e-71     0.998657  4.84903e-13
   0.0123324  4.93073e-07  1.13428e-65     0.987667  5.84401e-15
  0.00197522  6.33715e-06  2.03497e-70     0.998018  1.42913e-13
 7.93261e-05   0.00155982  1.21726e-79     0.998361  1.33216e-10
 1.19808e-05    0.0754433  1.02455e-85     0.924545   1.3529e-08
   0.0161361  3.51284e-07  2.16589e-65     0.983864  1.73034e-15
 2.21115e-05    0.0147682  1.27934e-83      0.98521  1.46983e-09
   0.0015333  7.77029e-06  2.15947e-71     0.998459  8.04949e-14
  0.00118947  1.08098e-05  4.12897e-72       0.9988  1.05703e-13
  0.00201362  5.03972e-06  7.74706e-71     0.997981  3.17126e-14
 9.81111e-06    0.0419369  5.30299e-86     0.958053  3.36555e-09
 0.000672866  2.19179e-05  9.15278e-74     0.999305  1.65355e-13
 2.52424e-05   0.00477234  5.51851e-83     0.995202  1.68613e-10
  0.00108671  1.04964e-05  1.13886e-72     0.998903  4.29648e-14
 1.57788e-05    0.0090575  2.28949e-84     0.990927  2.96603e-10
 2.35875e-05   0.00375931  3.85719e-83     0.996217  8.33059e-11
 9.11297e-14     0.999997 2.84549e-114   1.7804e-06  1.04459e-06
 2.15902e-09      0.99226 9.18471e-101   0.00773945  2.39377e-07
  0.00011926  0.000195734  1.20751e-78     0.999685  1.04243e-12
 3.59645e-08     0.924263  4.14253e-97    0.0757366  1.13254e-07
 2.06018e-13     0.999993 1.58018e-113  5.97714e-06  7.47717e-07
  0.00118729  7.93468e-06  4.60666e-73     0.998805  6.81097e-15
  0.00121881   7.5846e-06  4.38732e-73     0.998774  5.28744e-15
 3.01064e-13     0.999988 2.74924e-113  1.18624e-05   5.8275e-07
 3.68031e-08     0.887534  1.66008e-97     0.112466  6.17883e-08
  0.00109151  8.33544e-06  1.33782e-73       0.9989  3.43997e-15
   0.0231579  3.34755e-07  7.27777e-67     0.976842  2.04906e-17
  0.00392817  2.03618e-06  7.18813e-71      0.99607  2.74035e-16
 2.88911e-12     0.999868 1.08184e-110    0.0001313  2.75321e-07
 2.94083e-19     0.999997 1.17244e-132  1.38876e-10  3.07121e-06
 5.66676e-05   0.00028559  4.15392e-81     0.999658  2.53527e-13
  6.0634e-19     0.999997 7.55824e-132   3.8076e-10  2.65228e-06
  0.00139125  6.15787e-06  1.08269e-73     0.998603  5.46137e-16
  0.00498081   1.7205e-06  5.39898e-71     0.995017  5.88993e-17
 1.77927e-17     0.999999 1.64343e-127  1.27386e-08  1.42797e-06
 5.13709e-05  0.000256617  1.25518e-81     0.999692  9.25659e-14
  2.0821e-09     0.962664 1.46131e-102    0.0373362  3.07732e-08
 1.30276e-10     0.994362 2.09236e-106   0.00563768  5.33001e-08
 3.24186e-14     0.999988  1.0818e-117  1.14422e-05  2.83343e-07
 0.000992686  8.78792e-06  3.89586e-75     0.998999  2.26971e-16
 5.98262e-13     0.999862  6.0676e-114  0.000137491  1.29164e-07
 4.26449e-05  0.000254545  1.86872e-82     0.999703  3.17255e-14
 1.44103e-08     0.795963 2.23642e-100     0.204037  7.11672e-09
 6.97158e-14     0.999963 3.94194e-117  3.65537e-05  1.56974e-07
 0.000544617  1.59853e-05  5.99748e-77     0.999439  2.11688e-16
 2.27654e-19     0.999998 1.79836e-134  1.50099e-09  1.85562e-06
 3.34076e-12     0.999111 3.36151e-112  0.000889448  4.71053e-08
  3.3002e-18     0.999999 5.15511e-131  2.00231e-08  9.82527e-07
 9.00268e-05  9.38516e-05  2.78773e-81     0.999816  1.72813e-15
 1.10776e-13     0.999902 4.41773e-117   9.7914e-05  7.93245e-08
 9.67216e-18     0.999999 7.93773e-130  7.44086e-08  6.58466e-07
  2.2913e-06   0.00540902  5.17206e-90     0.994589  6.99149e-13
 5.30835e-07    0.0323346   1.2275e-93     0.967665  9.97718e-12
 1.27802e-07     0.160334  4.71337e-97     0.839666  1.09418e-10
 8.89417e-13      0.99928 1.07298e-114  0.000720304  3.13203e-08
 1.96103e-06   0.00512407  1.61873e-90     0.994874   3.7473e-13
 2.03071e-15     0.999989 4.52045e-123  1.04271e-05  1.34957e-07
 3.79476e-16     0.999997 2.00288e-125  3.28322e-06  1.95685e-07
 9.98574e-06  0.000732371  6.78701e-87     0.999258  9.92308e-15
 2.74598e-07    0.0415669    2.406e-95     0.958433  6.38233e-12
 8.59988e-16     0.999991 1.43619e-124  8.55598e-06  1.30428e-07
  1.9756e-11     0.989293 4.08316e-111     0.010707  6.62345e-09
 9.23553e-20     0.999999 3.83155e-137  8.90163e-09  1.28081e-06
 1.98604e-07    0.0449674   3.3838e-96     0.955032  4.41453e-12
 1.50698e-05  0.000424154  2.12991e-86     0.999561  1.44645e-15
 2.32569e-05  0.000279483  1.51776e-85     0.999697  5.80635e-16
 8.73463e-12     0.990849 1.20637e-112   0.00915055  5.05095e-09
 3.42601e-20     0.999999 6.53212e-139  8.14634e-09  1.36683e-06
 9.58428e-14     0.999458 6.82949e-119  0.000541516  1.72971e-08
 2.71701e-18     0.999999 3.91891e-133  3.24828e-07  3.68849e-07
 3.96522e-08     0.146087 5.13241e-100     0.853912  1.36159e-11
 0.000199326  4.71194e-05  1.10217e-81     0.999754  6.77086e-18
 2.14054e-12     0.994197  4.6302e-115   0.00580265  4.18141e-09
 2.70493e-16     0.999985 3.02484e-127  1.50114e-05  7.01046e-08
  1.7855e-10     0.901019 3.20746e-109    0.0989807  6.31854e-10
  6.0119e-14     0.999273 3.93203e-120  0.000726573  1.01179e-08
 6.46311e-18     0.999998 1.46674e-132  1.43071e-06  1.79766e-07
 4.33542e-06   0.00107267  4.84791e-90     0.998923  8.00053e-16
  1.5486e-16     0.999983 1.95092e-128  1.70352e-05  5.53046e-08
 9.14448e-14     0.998673 6.38296e-120   0.00132704  5.74644e-09
 1.51719e-15     0.999902 1.56648e-125  9.83874e-05  2.14309e-08
 1.36518e-05  0.000403823   4.9777e-88     0.999583  5.83784e-17
 9.01406e-13      0.99301 4.12646e-117   0.00699038  1.78548e-09
 3.46989e-22     0.999997 1.55163e-146  2.11912e-09   2.5507e-06
 1.28978e-17     0.999994  2.5114e-132  5.66797e-06  7.62702e-08
  0.00237513  1.30024e-05   1.3597e-78     0.997612  1.87456e-20
 5.57835e-16     0.999912 2.04382e-127  8.81983e-05  1.68471e-08
 0.000478213  3.68796e-05  8.46084e-82     0.999485  1.12811e-19
 0.000182785  6.97122e-05  1.02252e-83     0.999748   3.5349e-19
 8.28332e-13     0.989291 7.42428e-118    0.0107088  7.66617e-10
 2.58778e-18     0.999996 4.91127e-135  3.54402e-06  7.95277e-08
 2.38889e-17     0.999982  4.0467e-132  1.76417e-05  3.23002e-08
 1.09675e-06   0.00275759  4.34074e-94     0.997241  3.17614e-16
 5.66375e-22     0.999999 9.60105e-147  1.23784e-08  1.24029e-06
 1.73457e-17     0.999981 7.99922e-133  1.91444e-05  2.70597e-08
 1.23591e-08     0.102217 1.54523e-103     0.897783  2.39155e-13
 7.62812e-08     0.022068 7.58719e-100     0.977932  9.84308e-15
 7.27543e-15     0.998884 5.86619e-125   0.00111569   1.8341e-09
 5.82683e-18     0.999986 1.15979e-134  1.38271e-05  2.73978e-08
 7.40952e-17     0.999922 2.54565e-131   7.7638e-05  9.07409e-09
 9.50815e-16      0.99959 5.65379e-128  0.000410474  2.89369e-09
  4.2351e-10     0.534647 4.44886e-110     0.465353  4.10704e-12
  2.0033e-15     0.999249 3.71109e-127  0.000751291  1.66235e-09
 2.66059e-19     0.999997 2.69663e-139  3.01736e-06  5.55885e-08
 7.88061e-08     0.017543 2.31412e-100     0.982457   1.5165e-15
 5.97885e-07   0.00393651  1.89696e-96     0.996063  5.20698e-17
 3.41031e-12     0.937806 1.69453e-117    0.0621936  3.52476e-11
  7.2899e-17     0.999848 4.36884e-132  0.000152442  3.58051e-09
 7.99402e-15     0.997418 7.36937e-126   0.00258194  4.15448e-10
 5.61892e-16     0.999399 1.59301e-129  0.000600898  1.15729e-09
 3.15301e-24     0.999997 2.37705e-155  2.75978e-09  2.66567e-06
 1.67152e-18     0.999979 1.48398e-137  2.13775e-05  1.10593e-08
 1.42382e-10      0.58005 1.17134e-112      0.41995  1.17138e-12
 8.94524e-16      0.99895 2.80641e-129   0.00105014  5.49689e-10
 3.57613e-11     0.739159 6.52344e-115     0.260841  2.27749e-12
 4.95482e-17      0.99977 2.30994e-133  0.000230365  1.53352e-09
 3.15086e-16     0.999281 5.72771e-131  0.000718799  5.81436e-10
 2.15306e-18     0.999957 8.81304e-138  4.25351e-05  4.81827e-09
 8.65416e-18     0.999895 5.31893e-136  0.000105472  2.27056e-09
 3.49506e-20     0.999996 1.53737e-143  4.12614e-06   2.3695e-08
 1.22696e-12     0.929057 3.31635e-120    0.0709431  5.79485e-12
  2.5304e-12     0.896111 2.64559e-119     0.103889   3.2529e-12
  7.0364e-22     0.999999 4.08434e-149   4.7648e-07  9.60554e-08
 9.39887e-12     0.800776 1.19965e-117     0.199224  1.01108e-12
 4.79388e-17     0.999557 2.83447e-134  0.000442965  4.51968e-10
 1.09986e-18     0.999944 1.86217e-139  5.62137e-05  2.34039e-09
 3.05455e-13     0.952785 1.11959e-122    0.0472153  4.29117e-12
 1.56457e-20     0.999995 2.15044e-145  5.43464e-06  1.32459e-08
 1.05264e-14     0.990092 2.03432e-127   0.00990842  1.74519e-11
 7.42337e-19     0.999938 2.24209e-140  6.21387e-05  1.64417e-09
 1.27611e-28     0.999957   4.968e-171  3.28068e-11  4.27004e-05
 4.68809e-18     0.999797 4.34764e-138  0.000203479  5.06417e-10
 3.69624e-10     0.275946 1.06422e-112     0.724054  5.37741e-15
 2.93308e-20     0.999986 3.96238e-145   1.3589e-05  4.57142e-09
  2.3132e-14     0.980366  5.9562e-127     0.019634  4.17164e-12
 2.08688e-15     0.993622 2.75702e-130   0.00637753  1.24398e-11
 1.45647e-20     0.999988 2.27692e-146  1.17933e-05  4.31637e-09
 1.00956e-17     0.999531 1.19275e-137  0.000469003  1.40044e-10
 5.76486e-21     0.999992 8.08155e-148  8.25225e-06   5.2227e-09
  2.0578e-20     0.999981 3.36918e-146  1.85716e-05  2.41057e-09
  4.0848e-13     0.908197 1.19381e-123     0.091803  2.71908e-13
  4.3547e-25            1 5.55644e-161  3.64435e-08  3.84347e-07
  6.5684e-24            1 2.15412e-157   2.1975e-07  9.07039e-08
 1.15533e-16     0.997648 5.62334e-135   0.00235168  1.47633e-11
 3.89873e-14     0.961929  3.0104e-127    0.0380707  5.01799e-13
  1.9254e-22     0.999998  4.1161e-153  2.20438e-06  1.13669e-08
 2.89536e-22     0.999997 1.16609e-152  3.05738e-06  8.06001e-09
 2.91991e-27     0.999998 2.19225e-168   3.0774e-09  2.35557e-06
  1.7496e-18      0.99961 4.08259e-141  0.000390317  6.07322e-11
 2.35639e-15     0.986784 1.54493e-131    0.0132159  9.65715e-13
 1.05264e-18     0.999657 5.29177e-142  0.000343386  5.75415e-11
 1.02511e-19     0.999888 3.06224e-145  0.000111766   1.7321e-10
 2.90526e-23     0.999999  2.2463e-156  1.44065e-06  1.17847e-08
  7.4889e-22      0.99999 4.42303e-152  9.59398e-06  1.81067e-09
 4.59324e-20     0.999909 1.25246e-146  9.13391e-05  1.65863e-10
 1.59115e-25            1 9.68745e-164  9.44219e-08  1.23378e-07
 2.70735e-19     0.999744 1.90932e-144  0.000256057  4.46664e-11
 4.88673e-26            1  1.5151e-165  5.81345e-08  1.78971e-07
 3.51427e-19      0.99967 2.66159e-144  0.000330377  2.74377e-11
 3.52289e-25            1 4.57622e-163  2.28906e-07  4.81218e-08
  7.9164e-19     0.999448 2.03968e-143  0.000551932  1.22006e-11
 2.09591e-19     0.999691 2.62005e-145  0.000309272  2.18885e-11
 2.59319e-16     0.991429 7.53484e-136   0.00857099  2.88568e-13
 5.78761e-20     0.999812 3.00745e-147  0.000187763  3.23401e-11
  1.2821e-23     0.999997 1.04317e-158  2.72351e-06   3.2741e-09
 2.18333e-17     0.996701 1.73989e-139   0.00329891  7.00788e-13
 4.47597e-19     0.999406 8.22373e-145  0.000594487  5.77242e-12
 1.22012e-15     0.980166 2.69234e-134    0.0198338  4.12445e-14
 4.60395e-22     0.999976 2.75928e-154  2.42363e-05  2.25504e-10
 1.29018e-23     0.999996  3.2168e-159  4.18994e-06  1.51114e-09
 8.01104e-21     0.999887 1.20526e-150  0.000113187  3.00983e-11
  3.8882e-22     0.999972 7.90142e-155  2.77394e-05  1.50475e-10
 2.88027e-22     0.999974 2.44043e-155  2.57043e-05  1.51533e-10
 5.55363e-24     0.999996 8.88052e-161  3.77244e-06  1.30635e-09
 1.22347e-21      0.99994 1.33718e-153  5.97763e-05  4.53963e-11
 2.13695e-17      0.99499 1.40398e-140   0.00500979  9.74513e-14
 1.35372e-18     0.998373 2.17855e-144   0.00162653   4.4078e-13
 1.55503e-22     0.999973 1.06169e-156  2.71791e-05  9.25054e-11
 2.01789e-22     0.999967 1.86573e-156  3.30458e-05   6.6309e-11
 1.34415e-17     0.995165 1.24245e-141   0.00483534  5.70828e-14
 6.59885e-16      0.97688 1.62531e-136    0.0231198  3.79016e-15
 5.23544e-22     0.999937 1.71709e-155  6.33544e-05  2.16016e-11
 7.94236e-23     0.999972 3.84622e-158  2.79111e-05  5.75235e-11
 1.43931e-22      0.99996 1.90206e-157  3.95225e-05  3.32785e-11
 4.54846e-25     0.999997 2.49314e-165  2.61843e-06  9.62485e-10
 1.78386e-17     0.993282 6.62122e-142   0.00671787  1.33274e-14
 2.23944e-21     0.999834 4.48055e-154  0.000166005  3.40618e-12
 5.28789e-21     0.999744 4.99168e-153  0.000255868   1.6254e-12
 8.19341e-23     0.999958 9.52318e-159  4.22591e-05  1.88253e-11
 9.36397e-17     0.985768 4.02709e-140    0.0142324  1.84869e-15
 5.54448e-28            1 4.57643e-175  1.43163e-07  2.21966e-08
 5.05863e-26     0.999998 4.68992e-169  1.56422e-06  1.14626e-09
 4.45414e-19     0.997967 1.26816e-147   0.00203254  3.29484e-14
 6.13355e-24     0.999982 8.66614e-163  1.79363e-05  3.84996e-11
 5.90367e-19     0.997551 1.81761e-147   0.00244871  1.77448e-14
 8.14791e-22     0.999824  2.0187e-156   0.00017598  1.10414e-12
 2.62152e-24     0.999985 2.89688e-164  1.49133e-05  3.79659e-11
 2.06254e-26     0.999998 6.36986e-171  1.65087e-06  7.15181e-10
 1.78694e-20     0.999274 1.32445e-152   0.00072594   7.6954e-14
 5.14193e-21     0.999539 2.17643e-154  0.000460595  1.42985e-13
 5.05109e-19     0.997149 2.40441e-148   0.00285133  5.22655e-15
 3.00059e-26     0.999997  7.4495e-171  2.70766e-06  2.74226e-10
 7.96782e-25     0.999987 1.55664e-166  1.30818e-05  2.64529e-11
 7.18826e-25     0.999987 8.75361e-167  1.33618e-05  2.33554e-11
  4.6811e-24     0.999968 2.28122e-164  3.23785e-05  5.51399e-12
 4.87948e-18     0.992523 7.17783e-146    0.0074772  3.45643e-16
 1.36651e-21     0.999626 5.92638e-157  0.000373563   7.8317e-14
 1.63602e-24     0.999975 4.02955e-166   2.4768e-05  6.13426e-12
  7.6572e-25     0.999981 2.94563e-167  1.90173e-05  8.38624e-12
 2.28548e-19     0.997157 1.99936e-150   0.00284292  1.15183e-15
 1.03355e-19     0.997792 1.32886e-151   0.00220846   1.5928e-15
 1.54731e-22       0.9998 1.90382e-160  0.000199858  1.18659e-13
 7.69617e-21     0.999079 2.58508e-155  0.000920868  6.22664e-15
 8.99178e-28     0.999999 6.17895e-177  1.35057e-06   3.0549e-10
 1.15434e-26     0.999995 1.24013e-173  4.51322e-06  4.51716e-11
 9.55938e-18     0.988784  3.1019e-146     0.011216  2.00965e-17
 6.41578e-24     0.999932 1.66701e-165  6.84789e-05  4.11657e-13
 1.76301e-24     0.999958 1.91982e-167  4.19578e-05  8.58284e-13
 4.47551e-20     0.998098 5.11806e-154    0.0019018  5.34627e-16
 6.07597e-26     0.999989 2.20653e-172  1.12244e-05  6.51125e-12
  2.1386e-25      0.99998 6.95347e-171  1.95725e-05  2.28547e-12
 5.16622e-22     0.999594 1.33161e-160  0.000406155  7.50423e-15
 2.04671e-24     0.999949 3.06687e-168  5.14255e-05  3.28777e-13
 1.37734e-22     0.999741 8.87272e-163  0.000259492  1.34369e-14
 4.07134e-24     0.999929 1.02849e-167  7.08135e-05  1.41626e-13
 1.18983e-23     0.999891 1.79746e-166  0.000108993  5.47053e-14
 1.21465e-19     0.997234 2.75599e-154   0.00276595  5.27487e-17
  1.7779e-29            1 5.53266e-185  4.73893e-07   5.6804e-10
 1.12911e-21     0.999409 5.85063e-161  0.000590559  1.12519e-15
 1.46292e-29            1 1.19808e-185  4.82246e-07  4.82617e-10
 7.26729e-25     0.999957 3.06426e-171  4.29222e-05  1.70039e-13
 2.93562e-22     0.999614 2.25809e-163  0.000385885  1.70509e-15
 9.63084e-21     0.998747 6.80561e-159   0.00125285  1.03488e-16
 9.73968e-25     0.999948 1.88513e-171  5.18285e-05  7.99425e-14
 2.07123e-21      0.99923 2.33083e-161  0.000770369  2.19437e-16
  1.4049e-28     0.999998 8.62212e-184  1.70069e-06  3.70026e-11
 2.41355e-20     0.998292 1.78503e-158   0.00170799  2.27569e-17
 8.59141e-20     0.997476 5.59622e-157   0.00252406   7.0002e-18
 1.27902e-20     0.998588 9.86466e-160   0.00141167  2.43642e-17
 1.20289e-25     0.999972 1.74954e-175   2.7942e-05  1.26881e-13
  3.9755e-28     0.999997 2.14347e-183  3.20648e-06  7.50501e-12
 2.40761e-29     0.999999 2.16513e-187  1.07173e-06  5.06955e-11
 1.39713e-21     0.999278 1.62523e-163  0.000722333  5.80994e-17
 4.47315e-23     0.999759 2.45041e-168  0.000240938  6.67241e-16
  2.2557e-20     0.998303 3.37171e-160   0.00169732  4.42185e-18
 1.11105e-17     0.990569 4.09405e-152   0.00943086  2.70848e-20
 1.30347e-24     0.999923 1.05701e-173  7.71259e-05  5.57395e-15
 6.01364e-26     0.999973  4.7683e-178  2.69106e-05  4.87415e-14
 5.23793e-21     0.998891 5.64654e-163   0.00110946  5.86904e-18
 2.20412e-27     0.999991 6.47048e-183  8.57508e-06   4.2313e-13
 2.19095e-19     0.996819 2.16709e-158   0.00318062  1.97253e-19
 4.36616e-22     0.999465 6.38341e-167  0.000535395   2.1864e-17
 9.44323e-28     0.999993 1.12759e-184  6.91765e-06  4.69011e-13
 1.35747e-22     0.999619 6.70033e-169  0.000381195   3.6034e-17
 1.54052e-32            1 5.22372e-200   9.6426e-08  1.53222e-09
 1.99989e-18     0.994579   1.807e-156   0.00542083  1.05846e-20
 1.71069e-21     0.999185 4.00334e-166  0.000815152  2.51125e-18
 4.62842e-17     0.988814 1.08582e-152    0.0111863  5.04945e-22
 1.86519e-23     0.999782 1.34641e-172  0.000218155  6.07883e-17
 1.16293e-26     0.999979 9.92397e-183  2.06233e-05  1.75345e-14
 4.48047e-25      0.99993 5.06888e-178  7.01626e-05  7.88773e-16
 3.16117e-25     0.999936 1.06788e-178   6.3867e-05  8.49448e-16
 5.13322e-25     0.999924  2.9712e-178  7.57164e-05  4.68846e-16
 8.27331e-22     0.999328 1.49787e-168  0.000671714  9.57819e-19
 1.27121e-28     0.999995 7.40847e-190  4.97943e-06  2.40519e-13
 9.40554e-23     0.999631 6.99396e-172  0.000368843  3.62388e-18
 4.32513e-29     0.999996 9.96973e-192  3.63561e-06  3.88666e-13
  2.8548e-18      0.99499 1.69816e-158   0.00501022  4.46396e-22
 2.33435e-22     0.999521 2.73158e-171  0.000478767  8.79437e-19
  2.2832e-24     0.999869 1.04682e-177  0.000130691  3.17516e-17
 3.26384e-31     0.999999 3.61769e-199   7.2048e-07    9.194e-12
 6.28407e-24     0.999822 9.13074e-177  0.000178189  8.91322e-18
 1.15355e-27     0.999987 1.51202e-188  1.32347e-05  8.46177e-15
  1.0255e-26     0.999973 8.20105e-186  2.71325e-05  1.15078e-15
 2.58327e-27     0.999982 7.03784e-188  1.79722e-05  2.90557e-15
 5.40612e-24     0.999824 8.29501e-178  0.000175913  4.15686e-18
 1.18387e-23     0.999781 5.75508e-177   0.00021924  1.72329e-18
 2.71097e-23     0.999725 4.57579e-176  0.000274716  6.84563e-19
 8.37205e-31     0.999999 1.45522e-199  1.39736e-06  9.59171e-13
 1.56584e-25     0.999932 2.08897e-183  6.75153e-05  3.31851e-17
 2.54056e-26      0.99996 4.60933e-186  4.04403e-05  1.22605e-16
 6.35899e-29     0.999993 2.41207e-194  6.57124e-06  1.47986e-14
 9.28313e-25     0.999886 1.19479e-181  0.000114269  3.79351e-18
 3.31409e-18     0.996135 1.12131e-161   0.00386479  7.01232e-24
 1.83648e-28      0.99999 1.51395e-193  9.91697e-06  3.27618e-15
 1.66283e-27      0.99998 8.66126e-191   1.9755e-05  4.13666e-16
 1.20562e-24     0.999874 3.80587e-182  0.000125931  1.21921e-18
 8.85743e-26     0.999937 7.27072e-186   6.3128e-05  9.06511e-18
