    0.330522     0.669478
 5.89379e-36            1
           1  6.45744e-20
    0.999972  2.82308e-05
           1  9.69397e-36
    0.999014  0.000986231
           1  4.97204e-42
           1  5.83913e-24
           1  3.96511e-09
           1  1.09585e-40
    0.597864     0.402136
           1  7.28622e-29
           1   2.8944e-27
3.95547e-122            1
 6.38202e-92            1
 1.89994e-75            1
           1  2.16176e-14
           1   1.0929e-13
    0.344744     0.655256
 3.25283e-13            1
           1  3.88722e-14
    0.999962  3.76725e-05
           1  1.59884e-27
           1  6.42183e-45
           1  1.76458e-33
 4.9052e-172            1
    0.796459     0.203541
 3.23455e-43            1
    0.999952  4.75612e-05
   0.0542231     0.945777
           1  4.92076e-30
 1.60549e-79            1
           1  1.63158e-43
    0.999999  9.14954e-07
           1  5.53812e-24
           1  9.33941e-16
 0.000313649     0.999686
 8.29288e-50            1
           1  1.05015e-27
           1  2.81887e-10
  5.4311e-12            1
           1  1.93297e-21
           1  1.94305e-13
           1  3.65478e-36
9.78829e-130            1
 1.22338e-44            1
  2.6054e-70            1
  0.00214177     0.997858
 9.65172e-47            1
 0.000103678     0.999896
 5.36055e-22            1
 2.47063e-73            1
           1  3.85711e-08
    0.147575     0.852425
   0.0154372     0.984563
  3.1239e-76            1
 3.97182e-66            1
    0.240775     0.759225
 7.96035e-27            1
           1  3.89628e-33
 4.62547e-54            1
   0.0896458     0.910354
    0.999789  0.000210853
 5.09915e-06     0.999995
           1  1.96537e-41
 1.47428e-07            1
 2.24476e-08            1
    0.993913   0.00608726
 2.44358e-85            1
           1  2.64224e-37
           1   2.4953e-07
3.32943e-132            1
 1.62668e-74            1
 1.97969e-09            1
           1  7.61802e-10
           1  1.68749e-32
   0.0612448     0.938755
           1  6.13007e-40
           1    3.002e-34
 3.45956e-32            1
    0.416766     0.583234
           1  3.23952e-39
7.24134e-134            1
8.17917e-144            1
1.02783e-150            1
2.25879e-175            1
2.92359e-182            1
  1.0898e-76            1
