1.11492e-37           1
3.40102e-22           1
9.45955e-36           1
3.42022e-37           1
5.64646e-34           1
1.25906e-28           1
4.81019e-36           1
3.46365e-27           1
3.33354e-31           1
 4.7747e-38           1
 6.5722e-26           1
1.27749e-27           1
7.86557e-26           1
4.99693e-38           1
1.31419e-27           1
1.16469e-32           1
1.30836e-26           1
1.57288e-26           1
7.07192e-36           1
5.38628e-26           1
1.44999e-28           1
2.35856e-27           1
1.33688e-24           1
6.81687e-26           1
1.31074e-30           1
3.98051e-32           1
1.01355e-21           1
1.95302e-18           1
4.75687e-22           1
4.56741e-26           1
3.63467e-24           1
3.05731e-28           1
2.68094e-25           1
1.22058e-32           1
 1.1338e-23           1
4.82519e-24           1
4.49005e-22           1
1.41896e-25           1
4.00413e-25           1
1.25769e-25           1
 6.0449e-27           1
1.60364e-27           1
5.84456e-28           1
4.99516e-33           1
7.42769e-30           1
4.01361e-23           1
2.00825e-24           1
8.65451e-20           1
2.17199e-30           1
4.58406e-28           1
3.34805e-24           1
1.57363e-24           1
1.83805e-22           1
2.02497e-19           1
6.20101e-20           1
4.01974e-21           1
 9.3607e-18           1
1.23893e-19           1
6.51053e-17           1
1.19708e-20           1
1.02064e-21           1
1.44805e-16           1
2.00065e-25           1
3.04548e-29           1
1.69735e-22           1
2.58019e-29           1
8.25686e-27           1
2.74256e-21           1
1.62221e-19           1
1.16036e-22           1
1.15474e-22           1
2.40474e-20           1
1.11483e-23           1
1.34554e-22           1
5.29774e-22           1
2.50596e-21           1
2.09921e-19           1
4.16443e-19           1
2.06971e-19           1
1.99801e-18           1
7.95489e-18           1
7.55958e-14           1
1.03689e-15           1
2.82501e-22           1
7.07752e-21           1
  7.047e-20           1
6.56404e-23           1
3.46922e-19           1
7.57124e-21           1
8.54443e-18           1
5.28951e-15           1
1.92173e-21           1
2.23095e-19           1
3.21747e-15           1
1.27483e-16           1
9.50095e-18           1
 7.4761e-22           1
2.46532e-20           1
1.18975e-18           1
1.93689e-13           1
4.32611e-20           1
1.53764e-14           1
1.52549e-18           1
8.04489e-16           1
9.88927e-11           1
3.50948e-18           1
9.91402e-19           1
2.24726e-21           1
1.29076e-14           1
1.83345e-16           1
9.07573e-18           1
1.82423e-20           1
1.56834e-18           1
7.03773e-12           1
3.09339e-15           1
1.98618e-17           1
1.72392e-11           1
2.14351e-15           1
9.81368e-24           1
1.39751e-15           1
1.68313e-11           1
4.22439e-16           1
1.09689e-13           1
1.12424e-14           1
 1.6074e-15           1
1.28217e-11           1
6.60135e-17           1
1.13121e-12           1
5.47824e-14           1
4.73071e-10           1
5.32325e-12           1
 1.5744e-12           1
1.41484e-10           1
1.98107e-10           1
9.05014e-12           1
3.62028e-10           1
7.76463e-12           1
6.94305e-13           1
3.81316e-13           1
3.52996e-16           1
2.99715e-14           1
 2.0636e-15           1
2.93033e-12           1
5.25101e-13           1
7.06827e-12           1
7.04871e-12           1
2.03773e-10           1
6.59815e-13           1
1.33853e-10           1
1.97759e-10           1
2.41701e-12           1
1.25638e-12           1
3.60895e-12           1
9.91763e-10           1
8.58938e-11           1
2.76152e-13           1
4.93509e-12           1
5.26079e-12           1
1.90858e-09           1
5.35348e-07    0.999999
2.25507e-13           1
2.71802e-11           1
  1.756e-10           1
5.06612e-10           1
5.26619e-12           1
4.96407e-12           1
2.39761e-08           1
8.54499e-10           1
4.25227e-09           1
9.49993e-07    0.999999
1.01576e-11           1
2.04471e-09           1
5.87987e-14           1
1.14269e-09           1
9.00859e-10           1
3.57582e-11           1
3.31803e-11           1
1.11272e-08           1
6.23616e-10           1
5.01256e-09           1
7.61625e-09           1
2.88969e-09           1
1.04508e-07           1
2.95853e-07           1
1.82136e-09           1
3.54331e-10           1
1.87988e-08           1
7.91579e-08           1
5.69306e-12           1
7.28738e-07    0.999999
5.52607e-11           1
1.77298e-07           1
1.08396e-10           1
5.61266e-09           1
 1.9112e-08           1
1.81735e-07           1
5.34782e-09           1
1.09303e-07           1
1.57415e-09           1
 3.0487e-09           1
4.42933e-11           1
6.48827e-07    0.999999
2.16117e-07           1
6.94227e-09           1
9.06358e-08           1
1.09438e-06    0.999999
 1.1514e-06    0.999999
1.57826e-10           1
4.62015e-07           1
1.49527e-06    0.999999
6.17101e-05    0.999938
   0.991672  0.00832772
   0.999948 5.21934e-05
          1 3.72893e-09
          1 1.00868e-07
          1 1.60682e-07
          1 9.54602e-08
          1 8.36244e-08
          1 2.32999e-07
          1 1.64682e-07
          1 2.16101e-07
          1 1.19754e-07
          1 4.74746e-07
          1 2.60575e-07
          1 3.78665e-07
          1 1.06244e-07
   0.999999 9.29249e-07
   0.999998  1.7002e-06
          1 3.79826e-08
          1 2.19869e-08
          1 4.93737e-07
          1 3.22466e-08
          1 3.46567e-07
          1 8.99937e-08
   0.999999 1.12519e-06
          1 2.81107e-07
          1 1.37167e-07
          1 3.09232e-07
          1 9.90352e-08
   0.999999 5.29292e-07
          1 1.08732e-07
          1 4.05442e-07
   0.999999 7.39074e-07
          1 2.35504e-07
          1 3.49828e-07
          1 1.22683e-07
          1 4.72783e-07
          1 1.75888e-07
          1 2.84625e-07
          1 4.07084e-07
          1 3.76787e-07
          1 2.68159e-07
          1 2.26102e-07
          1 2.68578e-07
          1 3.80742e-07
          1  2.5884e-07
          1 3.30416e-07
          1 3.39321e-07
          1 2.95617e-07
          1 3.05191e-07
          1 2.85191e-07
          1 2.76494e-07
          1 3.28141e-07
          1 3.33558e-07
          1 2.59533e-07
          1 4.00432e-07
          1  2.0236e-07
          1 3.64315e-07
          1 3.39859e-07
          1  3.3051e-07
          1  1.2481e-07
          1 3.74256e-07
          1 2.17569e-07
   0.999999 5.44495e-07
          1 2.21811e-07
          1 2.55707e-07
          1 1.45932e-07
   0.999999 6.41085e-07
          1  7.9393e-08
   0.999999  5.1133e-07
   0.999999 1.26886e-06
          1 2.72437e-07
   0.999998 2.29047e-06
   0.999998 2.16142e-06
          1  4.4352e-07
   0.999999 1.02205e-06
   0.999998  2.1017e-06
          1 1.92238e-07
          1 3.36916e-08
          1  1.8845e-07
   0.999999 7.41136e-07
          1 1.75921e-07
   0.999999  5.8404e-07
          1 2.86496e-08
          1 3.62234e-07
   0.999999 1.10529e-06
          1 2.03834e-08
          1  4.0859e-07
          1 5.35017e-08
          1 2.89061e-08
          1 1.23852e-08
   0.999999 7.30514e-07
          1 1.95352e-08
          1 2.52806e-07
          1 2.93165e-07
          1 1.94727e-07
          1  1.8032e-08
          1 4.42479e-08
          1 2.82823e-07
          1  1.1929e-07
          1 2.51911e-08
          1 1.28039e-08
          1 2.81665e-09
          1 8.89154e-09
          1 1.29232e-10
          1 3.90548e-07
          1 1.70365e-08
          1 1.86286e-08
          1 1.35251e-07
          1 3.02339e-07
          1 6.86771e-08
          1 4.79014e-09
          1 1.39408e-09
          1 5.72261e-09
          1 7.03314e-09
          1 1.31461e-08
          1 8.81786e-09
          1 5.67254e-08
          1 3.55201e-09
          1 1.57272e-08
          1 1.20244e-08
          1  3.1664e-10
          1 7.62566e-08
          1 4.38884e-10
          1 1.22455e-10
          1 2.74625e-10
          1 1.06577e-08
          1 2.04497e-12
          1 4.93117e-08
          1 3.46426e-11
          1 2.03001e-10
          1 9.25402e-09
   0.999998 1.79569e-06
          1 1.17569e-07
          1 1.66275e-09
          1 2.74037e-12
          1 1.58746e-10
          1 1.30229e-09
          1 1.77753e-07
          1  4.5209e-09
          1 5.19408e-10
          1  2.8146e-13
          1 1.12583e-13
          1 7.82212e-09
          1 5.20569e-10
          1 5.55092e-11
          1 7.47506e-09
          1  2.2877e-11
          1 6.43139e-10
          1 2.82536e-11
          1  9.1468e-12
          1 4.77507e-11
          1 3.27075e-09
          1 5.29036e-10
          1 1.60759e-13
          1 2.17486e-12
          1 1.82331e-10
          1 2.42912e-12
          1 1.60834e-10
          1  3.8008e-11
          1 2.90787e-12
          1 2.81675e-11
          1 6.51547e-12
          1 7.46515e-13
          1 3.22083e-12
          1 2.26526e-11
          1 2.75535e-14
          1 1.54932e-10
          1 8.31762e-14
          1  2.2421e-13
          1 8.69436e-14
          1 1.68692e-11
          1 2.00554e-13
          1 2.81184e-09
          1   6.187e-15
          1  1.4871e-15
          1 6.06974e-12
          1 6.09222e-10
          1 3.50932e-15
          1  5.7144e-15
          1 2.28252e-13
          1 1.14153e-14
          1 7.90034e-19
          1 6.96306e-14
          1 4.32647e-13
          1 8.26665e-15
          1 3.65849e-15
          1 7.37776e-13
          1 6.26411e-18
          1 2.23076e-16
