1.42857e-37           1
4.12505e-22           1
1.19657e-35           1
4.36468e-37           1
7.06429e-34           1
 1.5385e-28           1
6.08715e-36           1
4.20813e-27           1
4.10512e-31           1
6.12264e-38           1
7.94052e-26           1
1.54907e-27           1
9.48545e-26           1
6.40381e-38           1
1.58985e-27           1
1.43929e-32           1
1.57569e-26           1
1.89234e-26           1
8.91147e-36           1
6.46057e-26           1
1.75249e-28           1
2.83609e-27           1
1.59432e-24           1
8.14802e-26           1
1.59506e-30           1
4.88278e-32           1
1.19951e-21           1
2.31004e-18           1
5.62053e-22           1
5.43664e-26           1
4.30113e-24           1
3.66398e-28           1
3.17642e-25           1
1.49811e-32           1
1.33572e-23           1
5.68441e-24           1
5.26613e-22           1
1.67623e-25           1
4.71974e-25           1
1.48381e-25           1
7.16323e-27           1
1.90406e-27           1
6.95022e-28           1
6.13706e-33           1
 8.9193e-30           1
  4.679e-23           1
2.34766e-24           1
1.00264e-19           1
2.61392e-30           1
5.43482e-28           1
3.89938e-24           1
1.83347e-24           1
2.12704e-22           1
  2.332e-19           1
7.13616e-20           1
 4.6278e-21           1
1.07513e-17           1
1.42142e-19           1
7.46848e-17           1
1.37224e-20           1
1.17124e-21           1
1.65667e-16           1
2.32332e-25           1
3.62202e-29           1
 1.9455e-22           1
3.06942e-29           1
9.64522e-27           1
 3.1258e-21           1
1.84175e-19           1
1.32575e-22           1
1.31839e-22           1
2.72607e-20           1
1.27638e-23           1
1.53261e-22           1
 6.0171e-22           1
2.83804e-21           1
2.36557e-19           1
4.68677e-19           1
2.32816e-19           1
2.24297e-18           1
8.91897e-18           1
8.51789e-14           1
1.16179e-15           1
3.19212e-22           1
7.94925e-21           1
7.88653e-20           1
7.42651e-23           1
3.87019e-19           1
8.47788e-21           1
9.49731e-18           1
5.88385e-15           1
2.15253e-21           1
2.47938e-19           1
3.56615e-15           1
1.40969e-16           1
 1.0501e-17           1
8.36608e-22           1
2.73781e-20           1
1.31344e-18           1
2.14252e-13           1
4.78978e-20           1
1.69196e-14           1
1.67808e-18           1
8.81843e-16           1
1.10269e-10           1
3.84767e-18           1
1.08767e-18           1
2.49441e-21           1
1.40949e-14           1
1.99791e-16           1
9.89963e-18           1
2.01009e-20           1
1.71177e-18           1
7.71523e-12           1
3.35437e-15           1
2.15582e-17           1
1.88749e-11           1
2.31719e-15           1
1.10981e-23           1
1.50777e-15           1
1.83435e-11           1
4.55067e-16           1
1.18217e-13           1
1.20845e-14           1
1.72588e-15           1
1.38847e-11           1
7.09226e-17           1
1.21621e-12           1
6.54813e-14           1
6.90109e-10           1
9.17991e-12           1
3.24329e-12           1
3.52808e-10           1
5.92123e-10           1
  3.211e-11           1
 1.5544e-09           1
3.94792e-11           1
4.20925e-12           1
2.76609e-12           1
3.07177e-15           1
 3.1132e-13           1
2.57043e-14           1
4.38113e-11           1
9.37838e-12           1
1.51742e-10           1
1.81178e-10           1
6.32815e-09           1
2.42292e-11           1
 5.9502e-09           1
1.05388e-08           1
1.52592e-10           1
 9.4896e-11           1
 3.2683e-10           1
1.09266e-07           1
1.12303e-08           1
4.28407e-11           1
9.18966e-10           1
1.17303e-09           1
5.18794e-07    0.999999
0.000180482     0.99982
8.61559e-11           1
1.24931e-08           1
9.71377e-08           1
3.36809e-07           1
4.14267e-09           1
4.67537e-09           1
2.79065e-05    0.999972
1.16962e-06    0.999999
7.02253e-06    0.999993
 0.00195078    0.998049
2.35648e-08           1
5.77281e-06    0.999994
1.96109e-10           1
4.61122e-06    0.999995
4.34758e-06    0.999996
 2.0453e-07           1
2.27196e-07           1
9.33902e-05    0.999907
6.17255e-06    0.999994
6.00068e-05     0.99994
0.000109426    0.999891
4.94271e-05    0.999951
 0.00219074    0.997809
  0.0074606    0.992539
5.33221e-05    0.999947
1.23344e-05    0.999988
0.000799625      0.9992
 0.00406619    0.995934
3.38468e-07           1
  0.0522977    0.947702
4.71208e-06    0.999995
  0.0185959    0.981404
1.32627e-05    0.999987
0.000834243    0.999166
 0.00342166    0.996578
  0.0384098     0.96159
 0.00136239    0.998638
  0.0331165    0.966884
0.000571284    0.999429
 0.00132784    0.998672
 2.2897e-05    0.999977
   0.299586    0.700414
   0.143866    0.856134
 0.00620853    0.993791
  0.0908753    0.909125
   0.599696    0.400304
   0.653985    0.346015
0.000288022    0.999712
   0.517259    0.482741
  0.0204009    0.979599
 0.00158872    0.998411
   0.861933    0.138067
   0.646977    0.353023
   0.993732  0.00626834
   0.865605    0.134395
   0.827525    0.172475
   0.907264   0.0927363
   0.930673    0.069327
   0.849492    0.150508
   0.905979   0.0940205
   0.897373    0.102627
   0.950412   0.0495879
   0.848872    0.151128
    0.92542   0.0745802
   0.910247   0.0897531
   0.978127   0.0218732
   0.853378    0.146622
    0.79039     0.20961
   0.995558  0.00444238
    0.99791  0.00208994
   0.957932   0.0420681
   0.997841  0.00215945
   0.979132   0.0208677
   0.995621  0.00437943
   0.952695   0.0473051
   0.990097  0.00990273
   0.996059   0.0039409
   0.992362  0.00763838
   0.998056    0.001944
   0.990726  0.00927428
   0.998513  0.00148671
   0.995062  0.00493844
   0.992349  0.00765123
   0.998045  0.00195538
   0.997524  0.00247608
   0.999331 0.000669056
   0.997629  0.00237101
   0.999313 0.000687084
    0.99903  0.00096952
   0.998813  0.00118733
   0.999085 0.000915207
   0.999472 0.000527535
   0.999641 0.000358553
   0.999633  0.00036661
   0.999545 0.000455239
   0.999765 0.000234517
   0.999726  0.00027379
   0.999763 0.000237306
   0.999835 0.000165421
   0.999851 0.000149183
   0.999884 0.000115774
   0.999907 9.28085e-05
   0.999912 8.80263e-05
   0.999925 7.48189e-05
    0.99995 5.04835e-05
   0.999938 6.15967e-05
   0.999972 2.79475e-05
    0.99996 3.97459e-05
   0.999969 3.12057e-05
   0.999975 2.54218e-05
   0.999992 8.47307e-06
    0.99998 1.99352e-05
    0.99999   9.991e-06
    0.99998 1.98145e-05
   0.999993 7.08113e-06
   0.999993 6.76822e-06
   0.999997 3.29519e-06
   0.999989 1.13382e-05
   0.999999 1.26786e-06
   0.999994 6.39144e-06
   0.999987 1.27335e-05
   0.999998 2.43484e-06
   0.999984  1.5694e-05
   0.999988 1.24427e-05
   0.999998 2.27146e-06
   0.999996 4.24881e-06
   0.999993 7.11475e-06
   0.999999  5.8738e-07
          1  8.8856e-08
          1 4.01384e-07
   0.999999 1.27144e-06
          1 2.61485e-07
   0.999999 7.04148e-07
          1 3.09767e-08
          1 3.74185e-07
   0.999999  1.1124e-06
          1 2.21335e-08
          1 4.22291e-07
          1 5.74015e-08
          1 3.12762e-08
          1 1.35251e-08
   0.999999 7.49376e-07
          1 2.12463e-08
          1 2.65251e-07
          1 3.07073e-07
          1 2.05544e-07
          1 1.96501e-08
          1 4.77522e-08
          1 2.97492e-07
          1 1.27209e-07
          1  2.7396e-08
          1 1.40232e-08
          1 3.12143e-09
          1 9.77668e-09
          1 1.44635e-10
          1 4.11493e-07
          1 1.86484e-08
          1 2.03835e-08
          1 1.44919e-07
          1 3.20901e-07
          1 7.42738e-08
          1 5.30988e-09
          1 1.55792e-09
          1 6.34125e-09
          1 7.78525e-09
          1 1.44872e-08
          1  9.7537e-09
          1 6.17579e-08
          1 3.95869e-09
          1 1.73441e-08
          1  1.3297e-08
          1  3.5791e-10
          1 8.30758e-08
          1 4.95978e-10
          1 1.39111e-10
          1 3.11296e-10
          1 1.18377e-08
          1 2.33824e-12
          1  5.4171e-08
          1 3.96114e-11
          1 2.31044e-10
          1 1.03206e-08
   0.999998 1.91081e-06
          1 1.28666e-07
          1 1.87795e-09
          1 3.15828e-12
          1 1.81488e-10
          1  1.4754e-09
          1 1.94637e-07
          1 5.09129e-09
          1 5.92229e-10
          1 3.26185e-13
          1 1.30507e-13
          1 8.80151e-09
          1 5.94977e-10
          1 6.40514e-11
          1 8.43043e-09
          1 2.65029e-11
          1 7.36145e-10
          1 3.27546e-11
          1  1.0643e-11
          1 5.53373e-11
          1 3.72184e-09
          1 6.08014e-10
          1 1.88641e-13
          1 2.54715e-12
          1 2.10924e-10
          1  2.8485e-12
          1 1.86389e-10
          1 4.43089e-11
          1 3.41599e-12
          1 3.29122e-11
          1 7.65019e-12
          1 8.81098e-13
          1 3.79345e-12
          1 2.65569e-11
          1 3.27005e-14
          1 1.80638e-10
          1 9.88223e-14
          1 2.66311e-13
          1 1.03464e-13
          1 1.98746e-11
          1 2.38803e-13
          1 3.24961e-09
          1 7.39867e-15
          1 1.77973e-15
          1 7.19688e-12
          1 7.11109e-10
          1 4.21238e-15
          1 6.86461e-15
          1 2.73382e-13
          1 1.37318e-14
          1  9.4282e-19
          1 8.37394e-14
          1 5.19109e-13
          1 9.98001e-15
          1 4.42279e-15
          1 8.86148e-13
          1 7.56678e-18
          1 2.70534e-16
