  -0.151045    -0.57209    0.427914   0.0710199    0.347697    0.337725   0.0664158  -0.0629299   -0.271978   -0.546336    0.418716   0.0321866    0.307468    0.222717    0.460024   0.0504506 -0.00748588   -0.726379   0.0580066   0.0987528     4.24194    0.206742   0.0861425      2.6138     4.13216	-2012.31
  -0.151045    -0.57209    0.427914   0.0710199    0.347697    0.337725   0.0664158  -0.0629299   -0.271978   -0.546336    0.418716   0.0321866    0.307468    0.222717    0.460024   0.0504506 -0.00748588   -0.726379   0.0580066   0.0987528     4.24194    0.206742   0.0861425      2.6138     4.13216	-2012.31
   1.30813   0.216544   0.365226      1.244    1.27777  -0.133798 -0.0429324  0.0300428  -0.182609  -0.177092    0.73846  -0.939415   0.794575   0.143811   0.500016  0.0258691   0.280241  -0.711805   0.110724 -0.0168858    2.11037   0.324517   0.111066    3.06006    7.04777	-1332.15
   1.30813   0.216544   0.365226      1.244    1.27777  -0.133798 -0.0429324  0.0300428  -0.182609  -0.177092    0.73846  -0.939415   0.794575   0.143811   0.500016  0.0258691   0.280241  -0.711805   0.110724 -0.0168858    2.11037   0.324517   0.111066    3.06006    7.04777	-1332.15
   1.31256   0.976711     0.2942    1.37624    1.13616  -0.155643   -0.14539   0.111046   -0.18082  -0.125521   0.870006   -1.01014    1.27516   0.119911   0.123357 0.00924896   0.352487  -0.773497  0.0935316 -0.0393907   0.385224   0.290248   0.128852   0.391555   0.503724	-808.593
   1.31256   0.976711     0.2942    1.37624    1.13616  -0.155643   -0.14539   0.111046   -0.18082  -0.125521   0.870006   -1.01014    1.27516   0.119911   0.123357 0.00924896   0.352487  -0.773497  0.0935316 -0.0393907   0.385224   0.290248   0.128852   0.391555   0.503724	-808.593
   1.49476    1.42509   0.181242    1.59853    1.28741  -0.184519  -0.208182   0.213015  -0.213999  -0.146233   0.807513   -1.35385    1.94507  0.0370568  0.0278759  0.0223145   0.409373   -1.38807   0.111886 -0.0345908   0.260769   0.228288   0.153922   0.258483   0.336753	-688.295
   1.49476    1.42509   0.181242    1.59853    1.28741  -0.184519  -0.208182   0.213015  -0.213999  -0.146233   0.807513   -1.35385    1.94507  0.0370568  0.0278759  0.0223145   0.409373   -1.38807   0.111886 -0.0345908   0.260769   0.228288   0.153922   0.258483   0.336753	-688.295
   1.57076    1.60845   0.256648    1.68747    1.37795  -0.195272   -0.23359   0.432119  -0.226499  -0.160106   0.743001   -1.56915     2.9222 -0.0456642 -0.0594716  0.0354014   0.447548   -2.93192   0.130234 -0.0260628   0.216869   0.202568   0.123319    0.21841   0.263131	-615.049
   1.57076    1.60845   0.256648    1.68747    1.37795  -0.195272   -0.23359   0.432119  -0.226499  -0.160106   0.743001   -1.56915     2.9222 -0.0456642 -0.0594716  0.0354014   0.447548   -2.93192   0.130234 -0.0260628   0.216869   0.202568   0.123319    0.21841   0.263131	-615.049
   1.60923    1.68366   0.333416    1.72825    1.42809  -0.199916  -0.244283   0.637112  -0.231907   -0.16827   0.659588   -1.76838    4.25236  -0.144206   -0.15969  0.0475559   0.479411   -4.65291   0.146254 -0.0137171   0.202834   0.200238  0.0946874   0.209137   0.238691	-581.851
   1.60923    1.68366   0.333416    1.72825    1.42809  -0.199916  -0.244283   0.637112  -0.231907   -0.16827   0.659588   -1.76838    4.25236  -0.144206   -0.15969  0.0475559   0.479411   -4.65291   0.146254 -0.0137171   0.202834   0.200238  0.0946874   0.209137   0.238691	-581.851
   1.63974    1.71176   0.365714    1.74951    1.46854  -0.203776  -0.248334   0.701991  -0.234626  -0.175927   0.592235   -1.93602      5.741  -0.221875  -0.251699  0.0566971   0.505472   -6.06869   0.157875 -0.0009444   0.195969   0.202707  0.0823012   0.206708   0.230594	-570.07
   1.63974    1.71176   0.365714    1.74951    1.46854  -0.203776  -0.248334   0.701991  -0.234626  -0.175927   0.592235   -1.93602      5.741  -0.221875  -0.251699  0.0566971   0.505472   -6.06869   0.157875 -0.0009444   0.195969   0.202707  0.0823012   0.206708   0.230594	-570.07
  1.66694    1.7144  0.379158   1.75886   1.50509 -0.207448 -0.248813  0.727073 -0.235736 -0.183809   0.54718  -2.06932   7.45105 -0.273328 -0.327655 0.0625389  0.526013  -7.63589  0.165171 0.0105498    0.1908  0.205601 0.0810183  0.206177  0.228965	-564.143
  1.66694    1.7144  0.379158   1.75886   1.50509 -0.207448 -0.248813  0.727073 -0.235736 -0.183809   0.54718  -2.06932   7.45105 -0.273328 -0.327655 0.0625389  0.526013  -7.63589  0.165171 0.0105498    0.1908  0.205601 0.0810183  0.206177  0.228965	-564.143
  1.69024   1.70309  0.385039   1.75954   1.53604 -0.210529 -0.247416  0.738202 -0.235626 -0.191284  0.522414  -2.17179   9.39768 -0.302726 -0.385663 0.0654747  0.541688   -9.4707  0.168973  0.020046  0.185814  0.208129 0.0809265  0.206667  0.230207	-560.73
  1.69024   1.70309  0.385039   1.75954   1.53604 -0.210529 -0.247416  0.738202 -0.235626 -0.191284  0.522414  -2.17179   9.39768 -0.302726 -0.385663 0.0654747  0.541688   -9.4707  0.168973  0.020046  0.185814  0.208129 0.0809265  0.206667  0.230207	-560.73
  1.70956   1.68479  0.387692   1.75417   1.55949 -0.212787 -0.245157  0.743431  -0.23464 -0.197781  0.378745  -2.38388        10 -0.458868 -0.544724  0.086551  0.573479       -10  0.192709  0.044755  0.180498   0.21011 0.0810068  0.207986  0.232967	-559.287
  1.70956   1.68479  0.387692   1.75417   1.55949 -0.212787 -0.245157  0.743431  -0.23464 -0.197781  0.378745  -2.38388        10 -0.458868 -0.544724  0.086551  0.573479       -10  0.192709  0.044755  0.180498   0.21011 0.0810068  0.207986  0.232967	-559.287
  1.72489   1.66319  0.389027   1.74426   1.57417 -0.214101 -0.242581   0.74661 -0.233022 -0.202998  0.371702  -2.45641        10  -0.46369 -0.593075 0.0869697  0.584676       -10  0.192159  0.054156   0.17475  0.211463 0.0811626  0.210144  0.236749	-558.697
  1.72489   1.66319  0.389027   1.74426   1.57417 -0.214101 -0.242581   0.74661 -0.233022 -0.202998  0.371702  -2.45641        10  -0.46369 -0.593075 0.0869697  0.584676       -10  0.192159  0.054156   0.17475  0.211463 0.0811626  0.210144  0.236749	-558.697
  1.73566    1.6404  0.389181    1.7297   1.57794 -0.214278 -0.239915  0.747007 -0.230702 -0.206397  0.337312  -2.57072        10 -0.493904 -0.674515 0.0917163  0.601739       -10  0.195216 0.0698398   0.16843  0.212009 0.0811877  0.212887  0.241254	-557.962
  1.73566    1.6404  0.389181    1.7297   1.57794 -0.214278 -0.239915  0.747007 -0.230702 -0.206397  0.337312  -2.57072        10 -0.493904 -0.674515 0.0917163  0.601739       -10  0.195216 0.0698398   0.16843  0.212009 0.0811877  0.212887  0.241254	-557.962
   1.7458   1.61887  0.389307   1.71411   1.57576 -0.213981 -0.237517  0.747318 -0.228301 -0.208832  0.309002  -2.67991        10 -0.521265 -0.745096 0.0957422  0.617877       -10  0.197882 0.0835816  0.161518  0.211608 0.0812067  0.216107  0.246449	-557.11
   1.7458   1.61887  0.389307   1.71411   1.57576 -0.213981 -0.237517  0.747318 -0.228301 -0.208832  0.309002  -2.67991        10 -0.521265 -0.745096 0.0957422  0.617877       -10  0.197882 0.0835816  0.161518  0.211608 0.0812067  0.216107  0.246449	-557.11
  1.75558   1.59795  0.389424   1.69749    1.5688 -0.213294 -0.235271  0.747608 -0.225859  -0.21057  0.284485  -2.79544        10 -0.548521 -0.811265 0.0993861   0.63474       -10   0.20048 0.0965836  0.154061  0.210349 0.0812141  0.219767  0.252075	-556.088
  1.75558   1.59795  0.389424   1.69749    1.5688 -0.213294 -0.235271  0.747608 -0.225859  -0.21057  0.284485  -2.79544        10 -0.548521 -0.811265 0.0993861   0.63474       -10   0.20048 0.0965836  0.154061  0.210349 0.0812141  0.219767  0.252075	-556.088
  1.76483   1.57708  0.389543   1.67962   1.55796 -0.212233 -0.233081  0.747901 -0.223366 -0.211776  0.279297  -2.87958        10 -0.560693 -0.849361   0.10028  0.646899       -10  0.201025  0.104346  0.146186  0.208254 0.0812113  0.223823  0.257751	-554.935
  1.76483   1.57708  0.389543   1.67962   1.55796 -0.212233 -0.233081  0.747901 -0.223366 -0.211776  0.279297  -2.87958        10 -0.560693 -0.849361   0.10028  0.646899       -10  0.201025  0.104346  0.146186  0.208254 0.0812113  0.223823  0.257751	-554.935
  1.77357    1.5561  0.389602   1.66101   1.54531 -0.210857 -0.230922  0.748039 -0.220926 -0.212779  0.278139  -2.97105        10 -0.572145 -0.884649  0.100778  0.659918       -10    0.2014  0.111598  0.138053  0.205439 0.0811861  0.228098  0.262825	-553.598
  1.77357    1.5561  0.389602   1.66101   1.54531 -0.210857 -0.230922  0.748039 -0.220926 -0.212779  0.278139  -2.97105        10 -0.572145 -0.884649  0.100778  0.659918       -10    0.2014  0.111598  0.138053  0.205439 0.0811861  0.228098  0.262825	-553.598
  1.78127   1.53418  0.389645   1.64145   1.53174 -0.209142 -0.228676  0.748129 -0.218503 -0.213668  0.279726  -3.07333        10 -0.582818 -0.917573  0.101114  0.674268       -10  0.201576  0.118405  0.129927  0.201922 0.0811492  0.232509  0.266889	-552.097
  1.78127   1.53418  0.389645   1.64145   1.53174 -0.209142 -0.228676  0.748129 -0.218503 -0.213668  0.279726  -3.07333        10 -0.582818 -0.917573  0.101114  0.674268       -10  0.201576  0.118405  0.129927  0.201922 0.0811492  0.232509  0.266889	-552.097
   1.7876   1.51064  0.389684   1.62115    1.5185 -0.207105 -0.226259  0.748204 -0.216118 -0.214572  0.284843  -3.18005        10 -0.590045 -0.944608  0.101158  0.689045       -10  0.201209  0.124053  0.122067  0.197717 0.0811039  0.236917  0.269626	-550.482
   1.7876   1.51064  0.389684   1.62115    1.5185 -0.207105 -0.226259  0.748204 -0.216118 -0.214572  0.284843  -3.18005        10 -0.590045 -0.944608  0.101158  0.689045       -10  0.201209  0.124053  0.122067  0.197717 0.0811039  0.236917  0.269626	-550.482
  1.79243   1.48483  0.389713   1.60078   1.50703 -0.204805 -0.223597  0.748254 -0.213843 -0.215661  0.290272  -3.30224        10 -0.595002 -0.968856  0.101464  0.705776       -10   0.20041  0.129121  0.114692  0.192888 0.0810515  0.241128  0.270873	-548.787
  1.79243   1.48483  0.389713   1.60078   1.50703 -0.204805 -0.223597  0.748254 -0.213843 -0.215661  0.290272  -3.30224        10 -0.595002 -0.968856  0.101464  0.705776       -10   0.20041  0.129121  0.114692  0.192888 0.0810515  0.241128  0.270873	-548.787
  1.79561   1.45582  0.389738   1.58081    1.4981 -0.202296 -0.220577  0.748297 -0.211717 -0.217029  0.294291  -3.44254        10 -0.596474 -0.989135  0.102323   0.72479       -10  0.199008  0.133392   0.10798  0.187487 0.0809972  0.244985  0.270724	-547.054
  1.79561   1.45582  0.389738   1.58081    1.4981 -0.202296 -0.220577  0.748297 -0.211717 -0.217029  0.294291  -3.44254        10 -0.596474 -0.989135  0.102323   0.72479       -10  0.199008  0.133392   0.10798  0.187487 0.0809972  0.244985  0.270724	-547.054
  1.79721    1.4228  0.389765     1.562   1.49247 -0.199664 -0.217108  0.748344 -0.209814 -0.218796  0.295435  -3.60406        10 -0.593317  -1.00417  0.103981  0.746469       -10  0.196849  0.136638  0.102036  0.181581 0.0809442  0.248326   0.26939	-545.314
  1.79721    1.4228  0.389765     1.562   1.49247 -0.199664 -0.217108  0.748344 -0.209814 -0.218796  0.295435  -3.60406        10 -0.593317  -1.00417  0.103981  0.746469       -10  0.196849  0.136638  0.102036  0.181581 0.0809442  0.248326   0.26939	-545.314
  1.79738   1.38499  0.389794    1.5451    1.4907 -0.197001   -0.2131  0.748401 -0.208211 -0.221089  0.292497  -3.79092        10 -0.584626  -1.01267   0.10664  0.771322       -10  0.193817  0.138644 0.0968978  0.175261 0.0808958  0.251026  0.267145	-543.572
  1.79738   1.38499  0.389794    1.5451    1.4907 -0.197001   -0.2131  0.748401 -0.208211 -0.221089  0.292497  -3.79092        10 -0.584626  -1.01267   0.10664  0.771322       -10  0.193817  0.138644 0.0968978  0.175261 0.0808958  0.251026  0.267145	-543.572
  1.79631   1.34159  0.389826    1.5307   1.49317  -0.19439 -0.208465  0.748471 -0.206969 -0.224037  0.284662  -4.00898        10   -0.5698  -1.01338  0.110436  0.800078       -10  0.189842  0.139212 0.0925414  0.168632 0.0808543   0.25301  0.264261	-541.803
  1.79631   1.34159  0.389826    1.5307   1.49317  -0.19439 -0.208465  0.748471 -0.206969 -0.224037  0.284662  -4.00898        10   -0.5698  -1.01338  0.110436  0.800078       -10  0.189842  0.139212 0.0925414  0.168632 0.0808543   0.25301  0.264261	-541.803
  1.79418   1.29168  0.389859    1.5191   1.50016 -0.191902 -0.203097   0.74855 -0.206119 -0.227779  0.271504  -4.26689        10 -0.548494  -1.00511  0.115432  0.833831       -10  0.184891  0.138154 0.0889023  0.161802 0.0808214  0.254255  0.260958	-539.944
  1.79418   1.29168  0.389859    1.5191   1.50016 -0.191902 -0.203097   0.74855 -0.206119 -0.227779  0.271504  -4.26689        10 -0.548494  -1.00511  0.115432  0.833831       -10  0.184891  0.138154 0.0889023  0.161802 0.0808214  0.254255  0.260958	-539.944
  1.79118   1.23395  0.389891   1.51031   1.51191 -0.189584 -0.196846  0.748631 -0.205651 -0.232476  0.252272  -4.58265        10 -0.520746 -0.986731  0.121752  0.874921       -10  0.178974  0.135301 0.0858954   0.15487 0.0807981  0.254772  0.257373	-537.875
  1.79118   1.23395  0.389891   1.51031   1.51191 -0.189584 -0.196846  0.748631 -0.205651 -0.232476  0.252272  -4.58265        10 -0.520746 -0.986731  0.121752  0.874921       -10  0.178974  0.135301 0.0858954   0.15487 0.0807981  0.254772  0.257373	-537.875
   1.7874   1.16595   0.38992   1.50391   1.52874 -0.187454 -0.189435  0.748711 -0.205502 -0.238325  0.227599  -4.97272        10 -0.485987 -0.956437   0.12924   0.92545       -10  0.172017  0.130349 0.0834347   0.14789 0.0807847  0.254598  0.253544	-535.431
   1.7874   1.16595   0.38992   1.50391   1.52874 -0.187454 -0.189435  0.748711 -0.205502 -0.238325  0.227599  -4.97272        10 -0.485987 -0.956437   0.12924   0.92545       -10  0.172017  0.130349 0.0834347   0.14789 0.0807847  0.254598  0.253544	-535.431
  1.78293   1.08346  0.389941   1.49937   1.55126 -0.185516 -0.180386  0.748777 -0.205569 -0.245591  0.196196  -5.48838        10 -0.445016 -0.912618  0.138115  0.992154       -10  0.164111  0.122982 0.0814391  0.140878 0.0807808  0.253767  0.249409	-532.266
  1.78293   1.08346  0.389941   1.49937   1.55126 -0.185516 -0.180386  0.748777 -0.205569 -0.245591  0.196196  -5.48838        10 -0.445016 -0.912618  0.138115  0.992154       -10  0.164111  0.122982 0.0814391  0.140878 0.0807808  0.253767  0.249409	-532.266
  1.77773  0.976969  0.389954   1.49552   1.58025 -0.183732 -0.168622  0.748826 -0.205647 -0.254628  0.156316  -6.24271        10 -0.400628 -0.852853  0.148615   1.08994       -10  0.155651  0.112662 0.0798446  0.133758 0.0807865  0.252309  0.244773	-527.645
  1.77773  0.976969  0.389954   1.49552   1.58025 -0.183732 -0.168622  0.748826 -0.205647 -0.254628  0.156316  -6.24271        10 -0.400628 -0.852853  0.148615   1.08994       -10  0.155651  0.112662 0.0798446  0.133758 0.0807865  0.252309  0.244773	-527.645
  1.77154  0.822429  0.389961   1.49037    1.6169 -0.182011 -0.151427  0.748863 -0.205344  -0.26594  0.109313  -7.30512        10 -0.347952 -0.772603  0.160483   1.22754       -10  0.145702 0.0984047 0.0786023  0.126323 0.0808029  0.250269  0.239307	-520.65
  1.77154  0.822429  0.389961   1.49037    1.6169 -0.182011 -0.151427  0.748863 -0.205344  -0.26594  0.109313  -7.30512        10 -0.347952 -0.772603  0.160483   1.22754       -10  0.145702 0.0984047 0.0786023  0.126323 0.0808029  0.250269  0.239307	-520.65
  1.76471  0.572394  0.389959   1.48319   1.66384 -0.180368 -0.123489  0.748887 -0.204324 -0.280122 0.0595326  -9.32789        10 -0.310654 -0.674507  0.173232    1.4906       -10  0.137929 0.0794142 0.0776227  0.118116 0.0808264  0.247466  0.232527	-507.68
  1.76471  0.572394  0.389959   1.48319   1.66384 -0.180368 -0.123489  0.748887 -0.204324 -0.280122 0.0595326  -9.32789        10 -0.310654 -0.674507  0.173232    1.4906       -10  0.137929 0.0794142 0.0776227  0.118116 0.0808264  0.247466  0.232527	-507.68
   1.7563  0.064498  0.389926   1.46619    1.7209 -0.178588 -0.066528  0.748826  -0.20095 -0.297598 0.0524949   -9.5235        10 -0.303848 -0.662126  0.174757     1.516       -10  0.136509 0.0769549 0.0769354  0.108186 0.0808582  0.244354   0.22442	-498.481
   1.7563  0.064498  0.389926   1.46619    1.7209 -0.178588 -0.066528  0.748826  -0.20095 -0.297598 0.0524949   -9.5235        10 -0.303848 -0.662126  0.174757     1.516       -10  0.136509 0.0769549 0.0769354  0.108186 0.0808582  0.244354   0.22442	-498.481
   1.75346  -0.413836   0.389834     1.4368    1.76855  -0.178268 -0.0135596   0.748592  -0.192798  -0.310584  0.0455878   -9.71912         10  -0.298378  -0.648039   0.176484     1.5412        -10   0.135405   0.073856  0.0765226  0.0951914  0.0808841   0.237338   0.213819	-489.25
   1.75346  -0.413836   0.389834     1.4368    1.76855  -0.178268 -0.0135596   0.748592  -0.192798  -0.310584  0.0455878   -9.71912         10  -0.298378  -0.648039   0.176484     1.5412        -10   0.135405   0.073856  0.0765226  0.0951914  0.0808841   0.237338   0.213819	-489.25
  1.75621 -0.862546  0.389785    1.3929   1.80721  -0.17925 0.0360465  0.748467 -0.181152  -0.32092 0.0436484  -9.77407        10 -0.297223 -0.643674  0.176975   1.54824       -10  0.135204  0.072867  0.076526 0.0838716 0.0808981  0.230833  0.205956	-482.184
  1.75621 -0.862546  0.389785    1.3929   1.80721  -0.17925 0.0360465  0.748467 -0.181152  -0.32092 0.0436484  -9.77407        10 -0.297223 -0.643674  0.176975   1.54824       -10  0.135204  0.072867  0.076526 0.0838716 0.0808981  0.230833  0.205956	-482.184
  1.76337  -1.17947  0.389871   1.33999   1.83688 -0.181223 0.0709407    0.7487 -0.167985 -0.328436 0.0431289  -9.78941        10 -0.297037 -0.642339  0.177107    1.5502       -10  0.135186 0.0725586  0.076818 0.0758224 0.0808811  0.224978   0.20072	-478.358
  1.76337  -1.17947  0.389871   1.33999   1.83688 -0.181223 0.0709407    0.7487 -0.167985 -0.328436 0.0431289  -9.78941        10 -0.297037 -0.642339  0.177107    1.5502       -10  0.135186 0.0725586  0.076818 0.0758224 0.0808811  0.224978   0.20072	-478.358
  1.77301  -1.34863  0.390092   1.28482   1.86176  -0.18368 0.0894223  0.749286 -0.155127 -0.334178 0.0426352   -9.8052        10 -0.297002 -0.640868  0.177236   1.55221       -10  0.135209 0.0722156 0.0772355 0.0715387 0.0808379   0.21969  0.197152	-476.617
  1.77301  -1.34863  0.390092   1.28482   1.86176  -0.18368 0.0894223  0.749286 -0.155127 -0.334178 0.0426352   -9.8052        10 -0.297002 -0.640868  0.177236   1.55221       -10  0.135209 0.0722156 0.0772355 0.0715387 0.0808379   0.21969  0.197152	-476.617
  1.78297  -1.42527  0.390397   1.22999   1.88511 -0.186104 0.0977158   0.75009 -0.143007 -0.339119 0.0421922  -9.82114        10 -0.297112 -0.639316  0.177355   1.55424       -10  0.135268 0.0718509 0.0776225 0.0696173 0.0807789  0.214566  0.194061	-475.621
  1.78297  -1.42527  0.390397   1.22999   1.88511 -0.186104 0.0977158   0.75009 -0.143007 -0.339119 0.0421922  -9.82114        10 -0.297112 -0.639316  0.177355   1.55424       -10  0.135268 0.0718509 0.0776225 0.0696173 0.0807789  0.214566  0.194061	-475.621
  1.79198   -1.4555  0.390741   1.17562   1.90827 -0.188215  0.100945  0.750993 -0.131424 -0.343819 0.0418103  -9.83713        10 -0.297348 -0.637702  0.177462   1.55627       -10  0.135356 0.0714692 0.0778876 0.0687915 0.0807121  0.209455  0.190886	-474.83
  1.79198   -1.4555  0.390741   1.17562   1.90827 -0.188215  0.100945  0.750993 -0.131424 -0.343819 0.0418103  -9.83713        10 -0.297348 -0.637702  0.177462   1.55627       -10  0.135356 0.0714692 0.0778876 0.0687915 0.0807121  0.209455  0.190886	-474.83
  1.79956  -1.46428  0.391103   1.12179   1.93174 -0.189941   0.10186  0.751939 -0.120233 -0.348541 0.0414928  -9.85316        10 -0.297695 -0.636036  0.177556    1.5583       -10  0.135469 0.0710721 0.0779933 0.0684267 0.0806407  0.204313  0.187369	-474.101
  1.79956  -1.46428  0.391103   1.12179   1.93174 -0.189941   0.10186  0.751939 -0.120233 -0.348541 0.0414928  -9.85316        10 -0.297695 -0.636036  0.177556    1.5583       -10  0.135469 0.0710721 0.0779933 0.0684267 0.0806407  0.204313  0.187369	-474.101
  1.80564    -1.463  0.391472   1.06881    1.9555 -0.191305  0.101699  0.752896 -0.109398 -0.353365  0.041239  -9.86925        10 -0.298145 -0.634316  0.177636   1.56035       -10  0.135603 0.0706597 0.0779415 0.0682571 0.0805657  0.199188   0.18339	-473.401
  1.80564    -1.463  0.391472   1.06881    1.9555 -0.191305  0.101699  0.752896 -0.109398 -0.353365  0.041239  -9.86925        10 -0.298145 -0.634316  0.177636   1.56035       -10  0.135603 0.0706597 0.0779415 0.0682571 0.0805657  0.199188   0.18339	-473.401
   1.81032   -1.45662   0.391836    1.01701    1.97935  -0.192355   0.100998   0.753838 -0.0989267  -0.358287  0.0410554   -9.88464         10  -0.298667  -0.632623     0.1777    1.56231        -10   0.135751  0.0702515  0.0777563  0.0681771  0.0804877   0.194186   0.178929	-472.727
   1.81032   -1.45662   0.391836    1.01701    1.97935  -0.192355   0.100998   0.753838 -0.0989267  -0.358287  0.0410554   -9.88464         10  -0.298667  -0.632623     0.1777    1.56231        -10   0.135751  0.0702515  0.0777563  0.0681771  0.0804877   0.194186   0.178929	-472.727
  1.81372  -1.44734  0.392189    0.9667   2.00307 -0.193142 0.0999929  0.754741 -0.088835 -0.363274 0.0410226  -9.88857        10 -0.298822 -0.632179  0.177713   1.56281       -10  0.135792  0.070144 0.0774716  0.068144  0.080407  0.189405  0.174027	-472.159
  1.81372  -1.44734  0.392189    0.9667   2.00307 -0.193142 0.0999929  0.754741 -0.088835 -0.363274 0.0410226  -9.88857        10 -0.298822 -0.632179  0.177713   1.56281       -10  0.135792  0.070144 0.0774716  0.068144  0.080407  0.189405  0.174027	-472.159
  1.81603  -1.43595  0.392523  0.918182   2.02631 -0.193717  0.098766  0.755591 -0.079148 -0.368248 0.0410024  -9.89251        10 -0.298999 -0.631719  0.177724   1.56332       -10  0.135839 0.0700322 0.0771231 0.0681353 0.0803243  0.184908  0.168783	-471.616
  1.81603  -1.43595  0.392523  0.918182   2.02631 -0.193717  0.098766  0.755591 -0.079148 -0.368248 0.0410024  -9.89251        10 -0.298999 -0.631719  0.177724   1.56332       -10  0.135839 0.0700322 0.0771231 0.0681353 0.0803243  0.184908  0.168783	-471.616
   1.81739   -1.42328    0.39283   0.871591    2.04899   -0.19412   0.097404   0.756366 -0.0698679  -0.373198  0.0409936   -9.89647         10  -0.299197  -0.631243   0.177732    1.56382        -10   0.135889  0.0699162  0.0767431  0.0681456  0.0802405   0.180721   0.163312	-471.097
   1.81739   -1.42328    0.39283   0.871591    2.04899   -0.19412   0.097404   0.756366 -0.0698679  -0.373198  0.0409936   -9.89647         10  -0.299197  -0.631243   0.177732    1.56382        -10   0.135889  0.0699162  0.0767431  0.0681456  0.0802405   0.180721   0.163312	-471.097
   1.81794   -1.40969   0.393108    0.82702    2.07101  -0.194385  0.0959466   0.757057 -0.0609959  -0.378112   0.040995   -9.90045         10  -0.299416  -0.630751   0.177738    1.56434        -10   0.135944  0.0697957  0.0763577  0.0681689  0.0801564   0.176835   0.157732	-470.605
   1.81794   -1.40969   0.393108    0.82702    2.07101  -0.194385  0.0959466   0.757057 -0.0609959  -0.378112   0.040995   -9.90045         10  -0.299416  -0.630751   0.177738    1.56434        -10   0.135944  0.0697957  0.0763577  0.0681689  0.0801564   0.176835   0.157732	-470.605
   1.81781   -1.39539   0.393352   0.784527    2.09235  -0.194541  0.0944151   0.757657 -0.0525312  -0.382986  0.0410054   -9.90444         10  -0.299655  -0.630241   0.177742    1.56485        -10   0.136002  0.0696708   0.075987  0.0682001  0.0800731   0.173228   0.152152	-470.138
   1.81781   -1.39539   0.393352   0.784527    2.09235  -0.194541  0.0944151   0.757657 -0.0525312  -0.382986  0.0410054   -9.90444         10  -0.299655  -0.630241   0.177742    1.56485        -10   0.136002  0.0696708   0.075987  0.0682001  0.0800731   0.173228   0.152152	-470.138
  1.81713  -1.38052  0.393564  0.744141   2.11295 -0.194613 0.0928215  0.758167 -0.044472 -0.387815 0.0410238  -9.90846        10 -0.299913 -0.629714  0.177744   1.56537       -10  0.136063 0.0695414 0.0756447 0.0682348 0.0799914  0.169873  0.146668	-469.697
  1.81713  -1.38052  0.393564  0.744141   2.11295 -0.194613 0.0928215  0.758167 -0.044472 -0.387815 0.0410238  -9.90846        10 -0.299913 -0.629714  0.177744   1.56537       -10  0.136063 0.0695414 0.0756447 0.0682348 0.0799914  0.169873  0.146668	-469.697
     1.816   -1.36515   0.393742   0.705873     2.1328   -0.19462  0.0911733   0.758589 -0.0368166  -0.392596  0.0410491   -9.91249         10  -0.300189  -0.629169   0.177745    1.56589        -10   0.136128  0.0694074   0.075339  0.0682693  0.0799125   0.166743   0.141354	-469.282
     1.816   -1.36515   0.393742   0.705873     2.1328   -0.19462  0.0911733   0.758589 -0.0368166  -0.392596  0.0410491   -9.91249         10  -0.300189  -0.629169   0.177745    1.56589        -10   0.136128  0.0694074   0.075339  0.0682693  0.0799125   0.166743   0.141354	-469.282
   1.81451   -1.34933   0.393891    0.66972     2.1519  -0.194576  0.0894758   0.758928 -0.0295629  -0.397329  0.0410807   -9.91654         10  -0.300483  -0.628607   0.177745    1.56641        -10   0.136196  0.0692691  0.0750738  0.0683004  0.0798369   0.163816    0.13626	-468.892
   1.81451   -1.34933   0.393891    0.66972     2.1519  -0.194576  0.0894758   0.758928 -0.0295629  -0.397329  0.0410807   -9.91654         10  -0.300483  -0.628607   0.177745    1.56641        -10   0.136196  0.0692691  0.0750738  0.0683004  0.0798369   0.163816    0.13626	-468.892
   1.81274   -1.33313   0.394011   0.635664    2.17025  -0.194494  0.0877336   0.759193 -0.0227082  -0.402012  0.0411178    -9.9206         10  -0.300794  -0.628027   0.177744    1.56694        -10   0.136267  0.0691263  0.0748495  0.0683257  0.0797653   0.161077   0.131417	-468.527
   1.81274   -1.33313   0.394011   0.635664    2.17025  -0.194494  0.0877336   0.759193 -0.0227082  -0.402012  0.0411178    -9.9206         10  -0.300794  -0.628027   0.177744    1.56694        -10   0.136267  0.0691263  0.0748495  0.0683257  0.0797653   0.161077   0.131417	-468.527
   1.81076   -1.31658   0.394106   0.603677    2.18788  -0.194383   0.085952   0.759391 -0.0162491  -0.406641    0.04116   -9.92467         10  -0.301121  -0.627432   0.177741    1.56746        -10   0.136341  0.0689793  0.0746643  0.0683434  0.0796981   0.158513   0.126839	-468.184
   1.81076   -1.31658   0.394106   0.603677    2.18788  -0.194383   0.085952   0.759391 -0.0162491  -0.406641    0.04116   -9.92467         10  -0.301121  -0.627432   0.177741    1.56746        -10   0.136341  0.0689793  0.0746643  0.0683434  0.0796981   0.158513   0.126839	-468.184
   1.80861   -1.29977   0.394178   0.573719    2.20481  -0.194249  0.0841382    0.75953 -0.0101808  -0.411212  0.0412066   -9.92875         10  -0.301463   -0.62682   0.177738    1.56799        -10   0.136417   0.068828   0.074515  0.0683526  0.0796358   0.156115   0.122523	-467.863
   1.80861   -1.29977   0.394178   0.573719    2.20481  -0.194249  0.0841382    0.75953 -0.0101808  -0.411212  0.0412066   -9.92875         10  -0.301463   -0.62682   0.177738    1.56799        -10   0.136417   0.068828   0.074515  0.0683526  0.0796358   0.156115   0.122523	-467.863
    1.80636    -1.28278    0.394232    0.545743     2.22105   -0.194097   0.0823015    0.759619 -0.00449729   -0.415715   0.0412574    -9.93284          10    -0.30182   -0.626192    0.177735     1.56853         -10    0.136496   0.0686728   0.0743974   0.0683529   0.0795784    0.153879    0.118461	-467.564
    1.80636    -1.28278    0.394232    0.545743     2.22105   -0.194097   0.0823015    0.759619 -0.00449729   -0.415715   0.0412574    -9.93284          10    -0.30182   -0.626192    0.177735     1.56853         -10    0.136496   0.0686728   0.0743974   0.0683529   0.0795784    0.153879    0.118461	-467.564
    1.80404    -1.26571    0.394269    0.519691     2.23662   -0.193931   0.0804542    0.759667 0.000809197   -0.420137    0.041312    -9.93694          10    -0.30219    -0.62555    0.177731     1.56906         -10    0.136577   0.0685136   0.0743075   0.0683447    0.079526    0.151797    0.114636	-467.283
    1.80404    -1.26571    0.394269    0.519691     2.23662   -0.193931   0.0804542    0.759667 0.000809197   -0.420137    0.041312    -9.93694          10    -0.30219    -0.62555    0.177731     1.56906         -10    0.136577   0.0685136   0.0743075   0.0683447    0.079526    0.151797    0.114636	-467.283
   1.80168   -1.24872   0.394293   0.495498    2.25151  -0.193755  0.0786114    0.75968 0.00574798  -0.424458  0.0413699   -9.94105         10  -0.302573  -0.624893   0.177726    1.56959        -10    0.13666  0.0683507  0.0742414  0.0683289  0.0794785   0.149864   0.111035	-467.022
   1.80168   -1.24872   0.394293   0.495498    2.25151  -0.193755  0.0786114    0.75968 0.00574798  -0.424458  0.0413699   -9.94105         10  -0.302573  -0.624893   0.177726    1.56959        -10    0.13666  0.0683507  0.0742414  0.0683289  0.0794785   0.149864   0.111035	-467.022
  1.79932  -1.23197  0.394305  0.473092    2.2657  -0.19357 0.0767909  0.759666   0.01033 -0.428655  0.041431  -9.94516        10 -0.302968 -0.624223  0.177721   1.57013       -10  0.136745 0.0681843 0.0741956  0.068307 0.0794359  0.148076  0.107642	-466.779
  1.79932  -1.23197  0.394305  0.473092    2.2657  -0.19357 0.0767909  0.759666   0.01033 -0.428655  0.041431  -9.94516        10 -0.302968 -0.624223  0.177721   1.57013       -10  0.136745 0.0681843 0.0741956  0.068307 0.0794359  0.148076  0.107642	-466.779
  1.79697  -1.21562   0.39431  0.452396   2.27918 -0.193379 0.0750122  0.759632 0.0145678 -0.432699  0.041495  -9.94928        10 -0.303375  -0.62354  0.177716   1.57067       -10  0.136832 0.0680145 0.0741673  0.068281 0.0793979  0.146426  0.104447	-466.553
  1.79697  -1.21562   0.39431  0.452396   2.27918 -0.193379 0.0750122  0.759632 0.0145678 -0.432699  0.041495  -9.94928        10 -0.303375  -0.62354  0.177716   1.57067       -10  0.136832 0.0680145 0.0741673  0.068281 0.0793979  0.146426  0.104447	-466.553
  1.79466  -1.19987  0.394307  0.433326   2.29191 -0.193183 0.0732961  0.759581 0.0184753  -0.43656 0.0415615  -9.95339        10 -0.303791 -0.622845   0.17771    1.5712       -10  0.136921 0.0678414 0.0741543 0.0682531 0.0793642  0.144908  0.101444	-466.346
  1.79466  -1.19987  0.394307  0.433326   2.29191 -0.193183 0.0732961  0.759581 0.0184753  -0.43656 0.0415615  -9.95339        10 -0.303791 -0.622845   0.17771    1.5712       -10  0.136921 0.0678414 0.0741543 0.0682531 0.0793642  0.144908  0.101444	-466.346
  1.79242   -1.1849    0.3943  0.415795   2.30385 -0.192985 0.0716626   0.75952 0.0220678 -0.440211 0.0416304  -9.95751        10 -0.304217  -0.62214  0.177704   1.57174       -10  0.137011 0.0676654 0.0741548 0.0682253 0.0793347  0.143513 0.0986298	-466.156
  1.79242   -1.1849    0.3943  0.415795   2.30385 -0.192985 0.0716626   0.75952 0.0220678 -0.440211 0.0416304  -9.95751        10 -0.304217  -0.62214  0.177704   1.57174       -10  0.137011 0.0676654 0.0741548 0.0682253 0.0793347  0.143513 0.0986298	-466.156
  1.79024  -1.17087  0.394289  0.399712   2.31497 -0.192786 0.0701297  0.759451 0.0253613 -0.443623 0.0417014  -9.96163        10 -0.304652 -0.621423  0.177698   1.57228       -10  0.137102 0.0674866 0.0741675 0.0681995  0.079309  0.142233 0.0960057	-465.984
  1.79024  -1.17087  0.394289  0.399712   2.31497 -0.192786 0.0701297  0.759451 0.0253613 -0.443623 0.0417014  -9.96163        10 -0.304652 -0.621423  0.177698   1.57228       -10  0.137102 0.0674866 0.0741675 0.0681995  0.079309  0.142233 0.0960057	-465.984
  1.78816   -1.1579  0.394275  0.384987   2.32524 -0.192589 0.0687118  0.759378 0.0283728 -0.446777 0.0417744  -9.96575        10 -0.305095 -0.620698  0.177692   1.57282       -10  0.137195 0.0673053 0.0741914 0.0681773 0.0792867  0.141061  0.093573	-465.828
  1.78816   -1.1579  0.394275  0.384987   2.32524 -0.192589 0.0687118  0.759378 0.0283728 -0.446777 0.0417744  -9.96575        10 -0.305095 -0.620698  0.177692   1.57282       -10  0.137195 0.0673053 0.0741914 0.0681773 0.0792867  0.141061  0.093573	-465.828
  1.78617  -1.14609   0.39426  0.371528   2.33464 -0.192393 0.0674189  0.759303 0.0311196 -0.449659 0.0418493  -9.96987        10 -0.305545 -0.619964  0.177685   1.57336       -10  0.137288 0.0671216 0.0742255 0.0681598 0.0792676  0.139987 0.0913331	-465.688
  1.78617  -1.14609   0.39426  0.371528   2.33464 -0.192393 0.0674189  0.759303 0.0311196 -0.449659 0.0418493  -9.96987        10 -0.305545 -0.619964  0.177685   1.57336       -10  0.137288 0.0671216 0.0742255 0.0681598 0.0792676  0.139987 0.0913331	-465.688
  1.78428  -1.13548  0.394243  0.359247   2.34319 -0.192202 0.0662559  0.759228 0.0336192 -0.452263 0.0419259  -9.97399        10 -0.306001 -0.619222  0.177678    1.5739       -10  0.137383 0.0669357 0.0742688 0.0681473 0.0792513  0.139001 0.0892858	-465.563
  1.78428  -1.13548  0.394243  0.359247   2.34319 -0.192202 0.0662559  0.759228 0.0336192 -0.452263 0.0419259  -9.97399        10 -0.306001 -0.619222  0.177678    1.5739       -10  0.137383 0.0669357 0.0742688 0.0681473 0.0792513  0.139001 0.0892858	-465.563
   1.7825  -1.12605  0.394227  0.348057   2.35089 -0.192016 0.0652229  0.759154 0.0358889 -0.454592 0.0420042  -9.97811        10 -0.306463 -0.618474  0.177672   1.57444       -10  0.137478  0.066748 0.0743204 0.0681398 0.0792374  0.138097 0.0874284	-465.452
   1.7825  -1.12605  0.394227  0.348057   2.35089 -0.192016 0.0652229  0.759154 0.0358889 -0.454592 0.0420042  -9.97811        10 -0.306463 -0.618474  0.177672   1.57444       -10  0.137478  0.066748 0.0743204 0.0681398 0.0792374  0.138097 0.0874284	-465.452
  1.78083  -1.11778   0.39421  0.337875   2.35778 -0.191836 0.0643156  0.759082 0.0379458 -0.456656  0.042084  -9.98223        10  -0.30693  -0.61772  0.177665   1.57498       -10  0.137574 0.0665585 0.0743792 0.0681371 0.0792257  0.137266 0.0857555	-465.352
  1.78083  -1.11778   0.39421  0.337875   2.35778 -0.191836 0.0643156  0.759082 0.0379458 -0.456656  0.042084  -9.98223        10  -0.30693  -0.61772  0.177665   1.57498       -10  0.137574 0.0665585 0.0743792 0.0681371 0.0792257  0.137266 0.0857555	-465.352
  1.77928  -1.11059  0.394193  0.328621   2.36391 -0.191663 0.0635264  0.759013 0.0398064 -0.458468 0.0421653  -9.98635        10 -0.307401  -0.61696  0.177657   1.57552       -10  0.137671 0.0663676 0.0744439 0.0681384 0.0792159  0.136502 0.0842586	-465.262
  1.77928  -1.11059  0.394193  0.328621   2.36391 -0.191663 0.0635264  0.759013 0.0398064 -0.458468 0.0421653  -9.98635        10 -0.307401  -0.61696  0.177657   1.57552       -10  0.137671 0.0663676 0.0744439 0.0681384 0.0792159  0.136502 0.0842586	-465.262
  1.77783  -1.10438  0.394177  0.320221   2.36933 -0.191498 0.0628457  0.758946 0.0414868 -0.460049  0.042248  -9.99047        10 -0.307877 -0.616196   0.17765   1.57606       -10  0.137768 0.0661753 0.0745135 0.0681431 0.0792077  0.135796 0.0829271	-465.18
  1.77783  -1.10438  0.394177  0.320221   2.36933 -0.191498 0.0628457  0.758946 0.0414868 -0.460049  0.042248  -9.99047        10 -0.307877 -0.616196   0.17765   1.57606       -10  0.137768 0.0661753 0.0745135 0.0681431 0.0792077  0.135796 0.0829271	-465.18
  1.77649  -1.09907  0.394161  0.312603    2.3741 -0.191341 0.0622624  0.758883 0.0430022  -0.46142  0.042332  -9.99459        10 -0.308356 -0.615428  0.177643    1.5766       -10  0.137866 0.0659818 0.0745867 0.0681503 0.0792008  0.135145 0.0817488	-465.106
  1.77649  -1.09907  0.394161  0.312603    2.3741 -0.191341 0.0622624  0.758883 0.0430022  -0.46142  0.042332  -9.99459        10 -0.308356 -0.615428  0.177643    1.5766       -10  0.137866 0.0659818 0.0745867 0.0681503 0.0792008  0.135145 0.0817488	-465.106
  1.77526  -1.09454  0.394145  0.305701   2.37828 -0.191192 0.0617653  0.758823  0.044367 -0.462602 0.0424173  -9.99871        10 -0.308839 -0.614657  0.177635   1.57714       -10  0.137964 0.0657874 0.0746625 0.0681594 0.0791951  0.134543 0.0807103	-465.037
  1.77526  -1.09454  0.394145  0.305701   2.37828 -0.191192 0.0617653  0.758823  0.044367 -0.462602 0.0424173  -9.99871        10 -0.308839 -0.614657  0.177635   1.57714       -10  0.137964 0.0657874 0.0746625 0.0681594 0.0791951  0.134543 0.0807103	-465.037
  1.77412  -1.09069   0.39413  0.299452   2.38193 -0.191052 0.0613434  0.758766 0.0455949 -0.463618 0.0425024       -10        10 -0.309318 -0.613894  0.177628   1.57767       -10  0.138062 0.0655949 0.0747398 0.0681698 0.0791903  0.133986  0.079798	-464.987
  1.77412  -1.09069   0.39413  0.299452   2.38193 -0.191052 0.0613434  0.758766 0.0455949 -0.463618 0.0425024       -10        10 -0.309318 -0.613894  0.177628   1.57767       -10  0.138062 0.0655949 0.0747398 0.0681698 0.0791903  0.133986  0.079798	-464.987
  1.77303  -1.08743  0.394116  0.293762   2.38518 -0.190904 0.0609883  0.758713 0.0467088 -0.464514 0.0425875       -10        10 -0.309796 -0.613134   0.17762    1.5782       -10  0.138159  0.065403 0.0748135 0.0682027 0.0791863   0.13346 0.0789978	-464.946
  1.77303  -1.08743  0.394116  0.293762   2.38518 -0.190904 0.0609883  0.758713 0.0467088 -0.464514 0.0425875       -10        10 -0.309796 -0.613134   0.17762    1.5782       -10  0.138159  0.065403 0.0748135 0.0682027 0.0791863   0.13346 0.0789978	-464.946
  1.77197  -1.08457  0.394103  0.288575   2.38809 -0.190748 0.0606784  0.758663 0.0477187 -0.465314 0.0426729       -10        10 -0.310279 -0.612372  0.177613   1.57873       -10  0.138257 0.0652104 0.0748812 0.0682522 0.0791831  0.132962 0.0782963	-464.909
  1.77197  -1.08457  0.394103  0.288575   2.38809 -0.190748 0.0606784  0.758663 0.0477187 -0.465314 0.0426729       -10        10 -0.310279 -0.612372  0.177613   1.57873       -10  0.138257 0.0652104 0.0748812 0.0682522 0.0791831  0.132962 0.0782963	-464.909
  1.77095  -1.08199  0.394089  0.283852   2.39072  -0.19059    0.0604  0.758615 0.0486305  -0.46603 0.0427584       -10        10 -0.310764 -0.611607  0.177606   1.57926       -10  0.138356  0.065017 0.0749434 0.0683071 0.0791805  0.132488 0.0776814	-464.873
  1.77095  -1.08199  0.394089  0.283852   2.39072  -0.19059    0.0604  0.758615 0.0486305  -0.46603 0.0427584       -10        10 -0.310764 -0.611607  0.177606   1.57926       -10  0.138356  0.065017 0.0749434 0.0683071 0.0791805  0.132488 0.0776814	-464.873
  1.76998  -1.07965  0.394076  0.279554   2.39309 -0.190431 0.0601486  0.758569 0.0494522 -0.466672 0.0428441       -10        10 -0.311253  -0.61084  0.177599   1.57979       -10  0.138455 0.0648229 0.0750008 0.0683638 0.0791784  0.132041 0.0771416	-464.84
  1.76998  -1.07965  0.394076  0.279554   2.39309 -0.190431 0.0601486  0.758569 0.0494522 -0.466672 0.0428441       -10        10 -0.311253  -0.61084  0.177599   1.57979       -10  0.138455 0.0648229 0.0750008 0.0683638 0.0791784  0.132041 0.0771416	-464.84
  1.76905  -1.07753  0.394064  0.275643   2.39524 -0.190272 0.0599211  0.758526 0.0501925 -0.467249 0.0429299       -10        10 -0.311746 -0.610071  0.177593   1.58032       -10  0.138555 0.0646281  0.075054 0.0684213 0.0791768  0.131617 0.0766669	-464.809
  1.76905  -1.07753  0.394064  0.275643   2.39524 -0.190272 0.0599211  0.758526 0.0501925 -0.467249 0.0429299       -10        10 -0.311746 -0.610071  0.177593   1.58032       -10  0.138555 0.0646281  0.075054 0.0684213 0.0791768  0.131617 0.0766669	-464.809
  1.76816  -1.07561  0.394052  0.272084   2.39719 -0.190116 0.0597151  0.758485 0.0508593  -0.46777 0.0430158       -10        10 -0.312241 -0.609299  0.177586   1.58085       -10  0.138655 0.0644327 0.0751034 0.0684791 0.0791756  0.131217 0.0762484	-464.78
  1.76816  -1.07561  0.394052  0.272084   2.39719 -0.190116 0.0597151  0.758485 0.0508593  -0.46777 0.0430158       -10        10 -0.312241 -0.609299  0.177586   1.58085       -10  0.138655 0.0644327 0.0751034 0.0684791 0.0791756  0.131217 0.0762484	-464.78
  1.76731  -1.07386  0.394041  0.268842   2.39897 -0.189961 0.0595281  0.758447 0.0514601 -0.468242 0.0431016       -10        10 -0.312738 -0.608526   0.17758   1.58138       -10  0.138757 0.0642368 0.0751495 0.0685371 0.0791747   0.13084 0.0758785	-464.751
  1.76731  -1.07386  0.394041  0.268842   2.39897 -0.189961 0.0595281  0.758447 0.0514601 -0.468242 0.0431016       -10        10 -0.312738 -0.608526   0.17758   1.58138       -10  0.138757 0.0642368 0.0751495 0.0685371 0.0791747   0.13084 0.0758785	-464.751
   1.7665  -1.07226  0.394031  0.265888    2.4006  -0.18981 0.0593577  0.758411 0.0520017 -0.468672 0.0431868       -10        10 -0.313235 -0.607758  0.177574   1.58191       -10  0.138858 0.0640419 0.0751924 0.0685951 0.0791741  0.130483 0.0755505	-464.724
   1.7665  -1.07226  0.394031  0.265888    2.4006  -0.18981 0.0593577  0.758411 0.0520017 -0.468672 0.0431868       -10        10 -0.313235 -0.607758  0.177574   1.58191       -10  0.138858 0.0640419 0.0751924 0.0685951 0.0791741  0.130483 0.0755505	-464.724
  1.76573  -1.07079  0.394021  0.263192   2.40209 -0.189661 0.0592017  0.758378 0.0524903 -0.469066 0.0432718       -10        10 -0.313733 -0.606988  0.177568   1.58244       -10  0.138959 0.0638465 0.0752326 0.0686527 0.0791738  0.130146 0.0752587	-464.698
  1.76573  -1.07079  0.394021  0.263192   2.40209 -0.189661 0.0592017  0.758378 0.0524903 -0.469066 0.0432718       -10        10 -0.313733 -0.606988  0.177568   1.58244       -10  0.138959 0.0638465 0.0752326 0.0686527 0.0791738  0.130146 0.0752587	-464.698
  1.76499  -1.06943  0.394011  0.260728   2.40347 -0.189514 0.0590584  0.758346 0.0529314 -0.469428 0.0433566       -10        10 -0.314234 -0.606216  0.177563   1.58296       -10  0.139061 0.0636508 0.0752701 0.0687102 0.0791737  0.129827  0.074998	-464.673
  1.76499  -1.06943  0.394011  0.260728   2.40347 -0.189514 0.0590584  0.758346 0.0529314 -0.469428 0.0433566       -10        10 -0.314234 -0.606216  0.177563   1.58296       -10  0.139061 0.0636508 0.0752701 0.0687102 0.0791737  0.129827  0.074998	-464.673
  1.76427  -1.06818  0.394002  0.258473   2.40475 -0.189371 0.0589262  0.758316 0.0533303 -0.469764 0.0434412       -10        10 -0.314738 -0.605444  0.177557   1.58349       -10  0.139164 0.0634546 0.0753052 0.0687674 0.0791737  0.129524 0.0747644	-464.649
  1.76427  -1.06818  0.394002  0.258473   2.40475 -0.189371 0.0589262  0.758316 0.0533303 -0.469764 0.0434412       -10        10 -0.314738 -0.605444  0.177557   1.58349       -10  0.139164 0.0634546 0.0753052 0.0687674 0.0791737  0.129524 0.0747644	-464.649
  1.76359  -1.06702  0.393993  0.256406   2.40593 -0.189231 0.0588036  0.758288 0.0536915 -0.470077 0.0435254       -10        10 -0.315243  -0.60467  0.177552   1.58402       -10  0.139267 0.0632581 0.0753381 0.0688245 0.0791739  0.129237  0.074554	-464.626
  1.76359  -1.06702  0.393993  0.256406   2.40593 -0.189231 0.0588036  0.758288 0.0536915 -0.470077 0.0435254       -10        10 -0.315243  -0.60467  0.177552   1.58402       -10  0.139267 0.0632581 0.0753381 0.0688245 0.0791739  0.129237  0.074554	-464.626
  1.76294  -1.06593  0.393985  0.254505   2.40704 -0.189093 0.0586893  0.758261 0.0540191 -0.470371 0.0436094       -10        10  -0.31575 -0.603895  0.177547   1.58455       -10   0.13937 0.0630612 0.0753689 0.0688813 0.0791742  0.128964 0.0743637	-464.603
  1.76294  -1.06593  0.393985  0.254505   2.40704 -0.189093 0.0586893  0.758261 0.0540191 -0.470371 0.0436094       -10        10  -0.31575 -0.603895  0.177547   1.58455       -10   0.13937 0.0630612 0.0753689 0.0688813 0.0791742  0.128964 0.0743637	-464.603
   1.7623   -1.0649  0.393977  0.252754   2.40809 -0.188957 0.0585822  0.758236 0.0543168 -0.470648  0.043693       -10        10  -0.31626 -0.603118  0.177543   1.58508       -10  0.139474 0.0628639 0.0753979  0.068938 0.0791747  0.128703 0.0741907	-464.581
   1.7623   -1.0649  0.393977  0.252754   2.40809 -0.188957 0.0585822  0.758236 0.0543168 -0.470648  0.043693       -10        10  -0.31626 -0.603118  0.177543   1.58508       -10  0.139474 0.0628639 0.0753979  0.068938 0.0791747  0.128703 0.0741907	-464.581
  1.76169  -1.06393   0.39397  0.251137   2.40907 -0.188824 0.0584812  0.758213 0.0545879  -0.47091 0.0437761       -10        10 -0.316771 -0.602341  0.177538    1.5856       -10  0.139579 0.0626663 0.0754251 0.0689946 0.0791752  0.128454 0.0740328	-464.559
  1.76169  -1.06393   0.39397  0.251137   2.40907 -0.188824 0.0584812  0.758213 0.0545879  -0.47091 0.0437761       -10        10 -0.316771 -0.602341  0.177538    1.5856       -10  0.139579 0.0626663 0.0754251 0.0689946 0.0791752  0.128454 0.0740328	-464.559
   1.7611  -1.06301  0.393962  0.249639      2.41 -0.188694 0.0583856   0.75819 0.0548354 -0.471161 0.0438589       -10        10 -0.317284 -0.601562  0.177534   1.58613       -10  0.139684 0.0624683 0.0754508 0.0690509 0.0791758  0.128216 0.0738877	-464.539
   1.7611  -1.06301  0.393962  0.249639      2.41 -0.188694 0.0583856   0.75819 0.0548354 -0.471161 0.0438589       -10        10 -0.317284 -0.601562  0.177534   1.58613       -10  0.139684 0.0624683 0.0754508 0.0690509 0.0791758  0.128216 0.0738877	-464.539
  1.76053  -1.06214  0.393955  0.248248   2.41089 -0.188565 0.0582946  0.758169 0.0550618 -0.471401 0.0439409       -10        10 -0.317797 -0.600786   0.17753   1.58666       -10  0.139789 0.0622707 0.0754751 0.0691072 0.0791765  0.127987  0.073754	-464.519
  1.76053  -1.06214  0.393955  0.248248   2.41089 -0.188565 0.0582946  0.758169 0.0550618 -0.471401 0.0439409       -10        10 -0.317797 -0.600786   0.17753   1.58666       -10  0.139789 0.0622707 0.0754751 0.0691072 0.0791765  0.127987  0.073754	-464.519
  1.75997   -1.0613  0.393949  0.246952   2.41174 -0.188439 0.0582075  0.758148 0.0552694 -0.471632 0.0440223       -10        10 -0.318312 -0.600008  0.177527   1.58719       -10  0.139894 0.0620728 0.0754981 0.0691631 0.0791773  0.127766 0.0736299	-464.499
  1.75997   -1.0613  0.393949  0.246952   2.41174 -0.188439 0.0582075  0.758148 0.0552694 -0.471632 0.0440223       -10        10 -0.318312 -0.600008  0.177527   1.58719       -10  0.139894 0.0620728 0.0754981 0.0691631 0.0791773  0.127766 0.0736299	-464.499
  1.75943  -1.06049  0.393942  0.245741   2.41255 -0.188315 0.0581239  0.758129 0.0554604 -0.471855 0.0441033       -10        10 -0.318829 -0.599229  0.177523   1.58772       -10      0.14 0.0618746   0.07552 0.0692189 0.0791781  0.127554 0.0735142	-464.48
  1.75943  -1.06049  0.393942  0.245741   2.41255 -0.188315 0.0581239  0.758129 0.0554604 -0.471855 0.0441033       -10        10 -0.318829 -0.599229  0.177523   1.58772       -10      0.14 0.0618746   0.07552 0.0692189 0.0791781  0.127554 0.0735142	-464.48
   1.7589  -1.05971  0.393936  0.244606   2.41333 -0.188192 0.0580433   0.75811 0.0556365 -0.472071 0.0441837       -10        10 -0.319347  -0.59845   0.17752   1.58824       -10  0.140106 0.0616762 0.0755409 0.0692745 0.0791789  0.127348 0.0734059	-464.462
   1.7589  -1.05971  0.393936  0.244606   2.41333 -0.188192 0.0580433   0.75811 0.0556365 -0.472071 0.0441837       -10        10 -0.319347  -0.59845   0.17752   1.58824       -10  0.140106 0.0616762 0.0755409 0.0692745 0.0791789  0.127348 0.0734059	-464.462
  1.75838  -1.05895   0.39393  0.243539   2.41409 -0.188071 0.0579653  0.758092 0.0557994 -0.472281 0.0442635       -10        10 -0.319867 -0.597669  0.177518   1.58877       -10  0.140213 0.0614775  0.075561 0.0693301 0.0791798  0.127148  0.073304	-464.444
  1.75838  -1.05895   0.39393  0.243539   2.41409 -0.188071 0.0579653  0.758092 0.0557994 -0.472281 0.0442635       -10        10 -0.319867 -0.597669  0.177518   1.58877       -10  0.140213 0.0614775  0.075561 0.0693301 0.0791798  0.127148  0.073304	-464.444
  1.75788  -1.05822  0.393925  0.242531   2.41481 -0.187951 0.0578896  0.758075 0.0559506 -0.472486 0.0443426       -10        10 -0.320388 -0.596888  0.177515    1.5893       -10   0.14032 0.0612785 0.0755802 0.0693855 0.0791808  0.126954 0.0732076	-464.427
  1.75788  -1.05822  0.393925  0.242531   2.41481 -0.187951 0.0578896  0.758075 0.0559506 -0.472486 0.0443426       -10        10 -0.320388 -0.596888  0.177515    1.5893       -10   0.14032 0.0612785 0.0755802 0.0693855 0.0791808  0.126954 0.0732076	-464.427
  1.75738   -1.0575  0.393919  0.241578   2.41552 -0.187833 0.0578159  0.758058 0.0560914 -0.472687 0.0444211       -10        10  -0.32091 -0.596107  0.177513   1.58983       -10  0.140428 0.0610795 0.0755988 0.0694409 0.0791817  0.126765  0.073116	-464.411
  1.75738   -1.0575  0.393919  0.241578   2.41552 -0.187833 0.0578159  0.758058 0.0560914 -0.472687 0.0444211       -10        10  -0.32091 -0.596107  0.177513   1.58983       -10  0.140428 0.0610795 0.0755988 0.0694409 0.0791817  0.126765  0.073116	-464.411
   1.7569   -1.0568  0.393914  0.240672   2.41621 -0.187716 0.0577438  0.758042 0.0562228 -0.472884 0.0444406       -10        10 -0.321041 -0.595912  0.177512   1.58996       -10  0.140455 0.0610296 0.0756169 0.0694961 0.0791827   0.12658 0.0730287	-464.406
   1.7569   -1.0568  0.393914  0.240672   2.41621 -0.187716 0.0577438  0.758042 0.0562228 -0.472884 0.0444406       -10        10 -0.321041 -0.595912  0.177512   1.58996       -10  0.140455 0.0610296 0.0756169 0.0694961 0.0791827   0.12658 0.0730287	-464.406
   1.7565  -1.05601   0.39391  0.239878   2.41681  -0.18762 0.0576591  0.758031  0.056331 -0.473045 0.0444601       -10        10 -0.321173 -0.595716  0.177512   1.59009       -10  0.140482 0.0609797 0.0756384 0.0695254 0.0791837  0.126409 0.0729457	-464.401
   1.7565  -1.05601   0.39391  0.239878   2.41681  -0.18762 0.0576591  0.758031  0.056331 -0.473045 0.0444601       -10        10 -0.321173 -0.595716  0.177512   1.59009       -10  0.140482 0.0609797 0.0756384 0.0695254 0.0791837  0.126409 0.0729457	-464.401
  1.75615  -1.05529  0.393906  0.239171   2.41733 -0.187538 0.0575828  0.758021 0.0564244 -0.473177 0.0444797       -10        10 -0.321304  -0.59552  0.177511   1.59022       -10  0.140509 0.0609298 0.0756629 0.0695468 0.0791845   0.12625 0.0728664	-464.397
  1.75615  -1.05529  0.393906  0.239171   2.41733 -0.187538 0.0575828  0.758021 0.0564244 -0.473177 0.0444797       -10        10 -0.321304  -0.59552  0.177511   1.59022       -10  0.140509 0.0609298 0.0756629 0.0695468 0.0791845   0.12625 0.0728664	-464.397
  1.75585  -1.05468  0.393904  0.238532   2.41777 -0.187464 0.0575167  0.758012 0.0565066 -0.473287 0.0444993       -10        10 -0.321436 -0.595324  0.177511   1.59036       -10  0.140536 0.0608798 0.0756895 0.0695656 0.0791852  0.126102 0.0727909	-464.393
  1.75585  -1.05468  0.393904  0.238532   2.41777 -0.187464 0.0575167  0.758012 0.0565066 -0.473287 0.0444993       -10        10 -0.321436 -0.595324  0.177511   1.59036       -10  0.140536 0.0608798 0.0756895 0.0695656 0.0791852  0.126102 0.0727909	-464.393
