     1     -1
     1 -0.989
     1 -0.978
     1 -0.967
     1 -0.956
     1 -0.945
     1 -0.934
     1 -0.923
     1 -0.912
     1 -0.901
     1  -0.89
     1 -0.879
     1 -0.868
     1 -0.857
     1 -0.846
     1 -0.835
     1 -0.824
     1 -0.813
     1 -0.802
     1 -0.791
     1  -0.78
     1 -0.769
     1 -0.758
     1 -0.747
     1 -0.736
     1 -0.725
     1 -0.714
     1 -0.703
     1 -0.692
     1 -0.681
     1  -0.67
     1 -0.659
     1 -0.648
     1 -0.637
     1 -0.626
     1 -0.615
     1 -0.604
     1 -0.593
     1 -0.582
     1 -0.571
     1  -0.56
     1 -0.549
     1 -0.538
     1 -0.527
     1 -0.516
     1 -0.505
     1 -0.494
     1 -0.483
     1 -0.472
     1 -0.461
     1  -0.45
     1 -0.439
     1 -0.428
     1 -0.417
     1 -0.406
     1 -0.395
     1 -0.384
     1 -0.373
     1 -0.362
     1 -0.351
     1  -0.34
     1 -0.329
     1 -0.318
     1 -0.307
     1 -0.296
     1 -0.285
     1 -0.274
     1 -0.263
     1 -0.252
     1 -0.241
     1  -0.23
     1 -0.219
     1 -0.208
     1 -0.197
     1 -0.186
     1 -0.175
     1 -0.164
     1 -0.153
     1 -0.142
     1 -0.131
     1  -0.12
     1 -0.109
     1 -0.098
     1 -0.087
     1 -0.076
     1 -0.065
     1 -0.054
     1 -0.043
     1 -0.032
     1 -0.021
     1  -0.01
     1  0.001
     1  0.012
     1  0.023
     1  0.034
     1  0.045
     1  0.056
     1  0.067
     1  0.078
     1  0.089
     1    0.1
     1  0.111
     1  0.122
     1  0.133
     1  0.144
     1  0.155
     1  0.166
     1  0.177
     1  0.188
     1  0.199
     1   0.21
     1  0.221
     1  0.232
     1  0.243
     1  0.254
     1  0.265
     1  0.276
     1  0.287
     1  0.298
     1  0.309
     1   0.32
     1  0.331
     1  0.342
     1  0.353
     1  0.364
     1  0.375
     1  0.386
     1  0.397
     1  0.408
     1  0.419
     1   0.43
     1  0.441
     1  0.452
     1  0.463
     1  0.474
     1  0.485
     1  0.496
     1  0.507
     1  0.518
     1  0.529
     1   0.54
     1  0.551
     1  0.562
     1  0.573
     1  0.584
     1  0.595
     1  0.606
     1  0.617
     1  0.628
     1  0.639
     1   0.65
     1  0.661
     1  0.672
     1  0.683
     1  0.694
     1  0.705
     1  0.716
     1  0.727
     1  0.738
     1  0.749
     1   0.76
     1  0.771
     1  0.782
     1  0.793
     1  0.804
     1  0.815
     1  0.826
     1  0.837
     1  0.848
     1  0.859
     1   0.87
     1  0.881
     1  0.892
     1  0.903
     1  0.914
     1  0.925
     1  0.936
     1  0.947
     1  0.958
     1  0.969
     1   0.98
     1  0.991
     1  1.002
     1  1.013
     1  1.024
     1  1.035
     1  1.046
     1  1.057
     1  1.068
     1  1.079
     1   1.09
     1  1.101
     1  1.112
     1  1.123
     1  1.134
     1  1.145
     1  1.156
     1  1.167
     1  1.178
     1  1.189
     1    1.2
     1  1.211
     1  1.222
     1  1.233
     1  1.244
     1  1.255
     1  1.266
     1  1.277
     1  1.288
     1  1.299
     1   1.31
     1  1.321
     1  1.332
     1  1.343
     1  1.354
     1  1.365
     1  1.376
     1  1.387
     1  1.398
     1  1.409
     1   1.42
     1  1.431
     1  1.442
     1  1.453
     1  1.464
     1  1.475
     1  1.486
     1  1.497
     1  1.508
     1  1.519
     1   1.53
     1  1.541
     1  1.552
     1  1.563
     1  1.574
     1  1.585
     1  1.596
     1  1.607
     1  1.618
     1  1.629
     1   1.64
     1  1.651
     1  1.662
     1  1.673
     1  1.684
     1  1.695
     1  1.706
     1  1.717
     1  1.728
     1  1.739
     1   1.75
     1  1.761
     1  1.772
     1  1.783
     1  1.794
     1  1.805
     1  1.816
     1  1.827
     1  1.838
     1  1.849
     1   1.86
     1  1.871
     1  1.882
     1  1.893
     1  1.904
     1  1.915
     1  1.926
     1  1.937
     1  1.948
     1  1.959
     1   1.97
     1  1.981
     1  1.992
     1  2.003
     1  2.014
     1  2.025
     1  2.036
     1  2.047
     1  2.058
     1  2.069
     1   2.08
     1  2.091
     1  2.102
     1  2.113
     1  2.124
     1  2.135
     1  2.146
     1  2.157
     1  2.168
     1  2.179
     1   2.19
     1  2.201
     1  2.212
     1  2.223
     1  2.234
     1  2.245
     1  2.256
     1  2.267
     1  2.278
     1  2.289
     1    2.3
     1  2.311
     1  2.322
     1  2.333
     1  2.344
     1  2.355
     1  2.366
     1  2.377
     1  2.388
     1  2.399
     1   2.41
     1  2.421
     1  2.432
     1  2.443
     1  2.454
     1  2.465
     1  2.476
     1  2.487
     1  2.498
     1  2.509
     1   2.52
     1  2.531
     1  2.542
     1  2.553
     1  2.564
     1  2.575
     1  2.586
     1  2.597
     1  2.608
     1  2.619
     1   2.63
     1  2.641
     1  2.652
     1  2.663
     1  2.674
     1  2.685
     1  2.696
     1  2.707
     1  2.718
     1  2.729
     1   2.74
     1  2.751
     1  2.762
     1  2.773
     1  2.784
     1  2.795
     1  2.806
     1  2.817
     1  2.828
     1  2.839
     1   2.85
     1  2.861
     1  2.872
     1  2.883
     1  2.894
     1  2.905
     1  2.916
     1  2.927
     1  2.938
     1  2.949
     1   2.96
     1  2.971
     1  2.982
     1  2.993
     1  3.004
     1  3.015
     1  3.026
     1  3.037
     1  3.048
     1  3.059
     1   3.07
     1  3.081
     1  3.092
     1  3.103
     1  3.114
     1  3.125
     1  3.136
     1  3.147
     1  3.158
     1  3.169
     1   3.18
     1  3.191
     1  3.202
     1  3.213
     1  3.224
     1  3.235
     1  3.246
     1  3.257
     1  3.268
     1  3.279
     1   3.29
     1  3.301
     1  3.312
     1  3.323
     1  3.334
     1  3.345
     1  3.356
     1  3.367
     1  3.378
     1  3.389
     1    3.4
     1  3.411
     1  3.422
     1  3.433
     1  3.444
     1  3.455
     1  3.466
     1  3.477
     1  3.488
     1  3.499
     1   3.51
     1  3.521
     1  3.532
     1  3.543
     1  3.554
     1  3.565
     1  3.576
     1  3.587
     1  3.598
     1  3.609
     1   3.62
     1  3.631
     1  3.642
     1  3.653
     1  3.664
     1  3.675
     1  3.686
     1  3.697
     1  3.708
     1  3.719
     1   3.73
     1  3.741
     1  3.752
     1  3.763
     1  3.774
     1  3.785
     1  3.796
     1  3.807
     1  3.818
     1  3.829
     1   3.84
     1  3.851
     1  3.862
     1  3.873
     1  3.884
     1  3.895
     1  3.906
     1  3.917
     1  3.928
     1  3.939
     1   3.95
     1  3.961
     1  3.972
     1  3.983
     1  3.994
     1  4.005
     1  4.016
     1  4.027
     1  4.038
     1  4.049
     1   4.06
     1  4.071
     1  4.082
     1  4.093
     1  4.104
     1  4.115
     1  4.126
     1  4.137
     1  4.148
     1  4.159
     1   4.17
     1  4.181
     1  4.192
     1  4.203
     1  4.214
     1  4.225
     1  4.236
     1  4.247
     1  4.258
     1  4.269
     1   4.28
     1  4.291
     1  4.302
     1  4.313
     1  4.324
     1  4.335
     1  4.346
     1  4.357
     1  4.368
     1  4.379
     1   4.39
     1  4.401
     1  4.412
     1  4.423
     1  4.434
     1  4.445
     1  4.456
     1  4.467
     1  4.478
     1  4.489
     1    4.5
     1  4.511
     1  4.522
     1  4.533
     1  4.544
     1  4.555
     1  4.566
     1  4.577
     1  4.588
     1  4.599
     1   4.61
     1  4.621
     1  4.632
     1  4.643
     1  4.654
     1  4.665
     1  4.676
     1  4.687
     1  4.698
     1  4.709
     1   4.72
     1  4.731
     1  4.742
     1  4.753
     1  4.764
     1  4.775
     1  4.786
     1  4.797
     1  4.808
     1  4.819
     1   4.83
     1  4.841
     1  4.852
     1  4.863
     1  4.874
     1  4.885
     1  4.896
     1  4.907
     1  4.918
     1  4.929
     1   4.94
     1  4.951
     1  4.962
     1  4.973
     1  4.984
     1  4.995
     1  5.006
     1  5.017
     1  5.028
     1  5.039
     1   5.05
     1  5.061
     1  5.072
     1  5.083
     1  5.094
     1  5.105
     1  5.116
     1  5.127
     1  5.138
     1  5.149
     1   5.16
     1  5.171
     1  5.182
     1  5.193
     1  5.204
     1  5.215
     1  5.226
     1  5.237
     1  5.248
     1  5.259
     1   5.27
     1  5.281
     1  5.292
     1  5.303
     1  5.314
     1  5.325
     1  5.336
     1  5.347
     1  5.358
     1  5.369
     1   5.38
     1  5.391
     1  5.402
     1  5.413
     1  5.424
     1  5.435
     1  5.446
     1  5.457
     1  5.468
     1  5.479
     1   5.49
     1  5.501
     1  5.512
     1  5.523
     1  5.534
     1  5.545
     1  5.556
     1  5.567
     1  5.578
     1  5.589
     1    5.6
     1  5.611
     1  5.622
     1  5.633
     1  5.644
     1  5.655
     1  5.666
     1  5.677
     1  5.688
     1  5.699
     1   5.71
     1  5.721
     1  5.732
     1  5.743
     1  5.754
     1  5.765
     1  5.776
     1  5.787
     1  5.798
     1  5.809
     1   5.82
     1  5.831
     1  5.842
     1  5.853
     1  5.864
     1  5.875
     1  5.886
     1  5.897
     1  5.908
     1  5.919
     1   5.93
     1  5.941
     1  5.952
     1  5.963
     1  5.974
     1  5.985
     1  5.996
     1  6.007
     1  6.018
     1  6.029
     1   6.04
     1  6.051
     1  6.062
     1  6.073
     1  6.084
     1  6.095
     1  6.106
     1  6.117
     1  6.128
     1  6.139
     1   6.15
     1  6.161
     1  6.172
     1  6.183
     1  6.194
     1  6.205
     1  6.216
     1  6.227
     1  6.238
     1  6.249
     1   6.26
     1  6.271
     1  6.282
     1  6.293
     1  6.304
     1  6.315
     1  6.326
     1  6.337
     1  6.348
     1  6.359
     1   6.37
     1  6.381
     1  6.392
     1  6.403
     1  6.414
     1  6.425
     1  6.436
     1  6.447
     1  6.458
     1  6.469
     1   6.48
     1  6.491
     1  6.502
     1  6.513
     1  6.524
     1  6.535
     1  6.546
     1  6.557
     1  6.568
     1  6.579
     1   6.59
     1  6.601
     1  6.612
     1  6.623
     1  6.634
     1  6.645
     1  6.656
     1  6.667
     1  6.678
     1  6.689
     1    6.7
     1  6.711
     1  6.722
     1  6.733
     1  6.744
     1  6.755
     1  6.766
     1  6.777
     1  6.788
     1  6.799
     1   6.81
     1  6.821
     1  6.832
     1  6.843
     1  6.854
     1  6.865
     1  6.876
     1  6.887
     1  6.898
     1  6.909
     1   6.92
     1  6.931
     1  6.942
     1  6.953
     1  6.964
     1  6.975
     1  6.986
     1  6.997
     1  7.008
     1  7.019
     1   7.03
     1  7.041
     1  7.052
     1  7.063
     1  7.074
     1  7.085
     1  7.096
     1  7.107
     1  7.118
     1  7.129
     1   7.14
     1  7.151
     1  7.162
     1  7.173
     1  7.184
     1  7.195
     1  7.206
     1  7.217
     1  7.228
     1  7.239
     1   7.25
     1  7.261
     1  7.272
     1  7.283
     1  7.294
     1  7.305
     1  7.316
     1  7.327
     1  7.338
     1  7.349
     1   7.36
     1  7.371
     1  7.382
     1  7.393
     1  7.404
     1  7.415
     1  7.426
     1  7.437
     1  7.448
     1  7.459
     1   7.47
     1  7.481
     1  7.492
     1  7.503
     1  7.514
     1  7.525
     1  7.536
     1  7.547
     1  7.558
     1  7.569
     1   7.58
     1  7.591
     1  7.602
     1  7.613
     1  7.624
     1  7.635
     1  7.646
     1  7.657
     1  7.668
     1  7.679
     1   7.69
     1  7.701
     1  7.712
     1  7.723
     1  7.734
     1  7.745
     1  7.756
     1  7.767
     1  7.778
     1  7.789
     1    7.8
     1  7.811
     1  7.822
     1  7.833
     1  7.844
     1  7.855
     1  7.866
     1  7.877
     1  7.888
     1  7.899
     1   7.91
     1  7.921
     1  7.932
     1  7.943
     1  7.954
     1  7.965
     1  7.976
     1  7.987
     1  7.998
     1  8.009
     1   8.02
     1  8.031
     1  8.042
     1  8.053
     1  8.064
     1  8.075
     1  8.086
     1  8.097
     1  8.108
     1  8.119
     1   8.13
     1  8.141
     1  8.152
     1  8.163
     1  8.174
     1  8.185
     1  8.196
     1  8.207
     1  8.218
     1  8.229
     1   8.24
     1  8.251
     1  8.262
     1  8.273
     1  8.284
     1  8.295
     1  8.306
     1  8.317
     1  8.328
     1  8.339
     1   8.35
     1  8.361
     1  8.372
     1  8.383
     1  8.394
     1  8.405
     1  8.416
     1  8.427
     1  8.438
     1  8.449
     1   8.46
     1  8.471
     1  8.482
     1  8.493
     1  8.504
     1  8.515
     1  8.526
     1  8.537
     1  8.548
     1  8.559
     1   8.57
     1  8.581
     1  8.592
     1  8.603
     1  8.614
     1  8.625
     1  8.636
     1  8.647
     1  8.658
     1  8.669
     1   8.68
     1  8.691
     1  8.702
     1  8.713
     1  8.724
     1  8.735
     1  8.746
     1  8.757
     1  8.768
     1  8.779
     1   8.79
     1  8.801
     1  8.812
     1  8.823
     1  8.834
     1  8.845
     1  8.856
     1  8.867
     1  8.878
     1  8.889
     1    8.9
     1  8.911
     1  8.922
     1  8.933
     1  8.944
     1  8.955
     1  8.966
     1  8.977
     1  8.988
     1  8.999
     1   9.01
     1  9.021
     1  9.032
     1  9.043
     1  9.054
     1  9.065
     1  9.076
     1  9.087
     1  9.098
     1  9.109
     1   9.12
     1  9.131
     1  9.142
     1  9.153
     1  9.164
     1  9.175
     1  9.186
     1  9.197
     1  9.208
     1  9.219
     1   9.23
     1  9.241
     1  9.252
     1  9.263
     1  9.274
     1  9.285
     1  9.296
     1  9.307
     1  9.318
     1  9.329
     1   9.34
     1  9.351
     1  9.362
     1  9.373
     1  9.384
     1  9.395
     1  9.406
     1  9.417
     1  9.428
     1  9.439
     1   9.45
     1  9.461
     1  9.472
     1  9.483
     1  9.494
     1  9.505
     1  9.516
     1  9.527
     1  9.538
     1  9.549
     1   9.56
     1  9.571
     1  9.582
     1  9.593
     1  9.604
     1  9.615
     1  9.626
     1  9.637
     1  9.648
     1  9.659
     1   9.67
     1  9.681
     1  9.692
     1  9.703
     1  9.714
     1  9.725
     1  9.736
     1  9.747
     1  9.758
     1  9.769
     1   9.78
     1  9.791
     1  9.802
     1  9.813
     1  9.824
     1  9.835
     1  9.846
     1  9.857
     1  9.868
     1  9.879
     1   9.89
     1  9.901
     1  9.912
     1  9.923
     1  9.934
     1  9.945
     1  9.956
     1  9.967
     1  9.978
     1  9.989
